1.797166109085083008e+00
1.382427811622619629e+00
1.581326603889465332e+00
1.913283348083496094e+00
1.999212265014648438e+00
1.728576183319091797e+00
2.756739616394042969e+00
1.909680843353271484e+00
1.547443509101867676e+00
2.029659509658813477e+00
1.911662220954895020e+00
3.167565345764160156e+00
2.752422571182250977e+00
1.704618096351623535e+00
1.656324267387390137e+00
2.697220087051391602e+00
6.010077476501464844e+00
1.924291014671325684e+00
1.572216272354125977e+00
1.233576178550720215e+00
1.768976569175720215e+00
1.755489349365234375e+00
3.279758453369140625e+00
1.794724225997924805e+00
4.473495960235595703e+00
1.147511363029479980e+00
5.246390342712402344e+00
1.397499084472656250e+00
2.437679529190063477e+00
1.234383940696716309e+00
3.306439638137817383e+00
2.447120666503906250e+00
1.815890550613403320e+00
1.965550780296325684e+00
1.324398756027221680e+00
1.582845926284790039e+00
2.882923841476440430e+00
3.424524545669555664e+00
2.954437732696533203e+00
3.457105636596679688e+00
1.695953488349914551e+00
1.610173225402832031e+00
1.268113732337951660e+00
1.723001956939697266e+00
1.844034314155578613e+00
3.434387922286987305e+00
3.044532537460327148e+00
1.385682106018066406e+00
2.680676698684692383e+00
1.399942398071289062e+00
2.332464456558227539e+00
3.136831521987915039e+00
1.683016777038574219e+00
2.174718618392944336e+00
1.904156804084777832e+00
3.002455234527587891e+00
3.009078502655029297e+00
2.649393796920776367e+00
3.057811975479125977e+00
1.672359824180603027e+00
2.519181489944458008e+00
2.849663257598876953e+00
3.190517187118530273e+00
4.414752960205078125e+00
2.270670175552368164e+00
5.643332004547119141e+00
2.226261138916015625e+00
3.071210861206054688e+00
2.260198831558227539e+00
1.713501811027526855e+00
1.814541339874267578e+00
2.119183301925659180e+00
3.013644695281982422e+00
2.240416526794433594e+00
2.102010726928710938e+00
2.456688404083251953e+00
3.901775598526000977e+00
1.478917717933654785e+00
1.533420681953430176e+00
2.963633298873901367e+00
3.062930107116699219e+00
1.547774910926818848e+00
1.524707198143005371e+00
2.251780748367309570e+00
2.245070695877075195e+00
3.318986654281616211e+00
2.412025213241577148e+00
2.503468751907348633e+00
1.927942276000976562e+00
3.280518293380737305e+00
1.923066258430480957e+00
1.774984478950500488e+00
1.831511616706848145e+00
1.174259543418884277e+00
1.348491787910461426e+00
2.795192480087280273e+00
2.277506828308105469e+00
7.201358318328857422e+00
3.383362293243408203e+00
1.498787403106689453e+00
2.375353097915649414e+00
1.068204998970031738e+00
4.117798805236816406e+00
1.961498618125915527e+00
2.213564395904541016e+00
2.161754131317138672e+00
1.982607245445251465e+00
1.600458145141601562e+00
2.438074588775634766e+00
1.740855813026428223e+00
4.194998741149902344e+00
2.175992250442504883e+00
1.980526924133300781e+00
2.304680585861206055e+00
1.827138185501098633e+00
1.656512737274169922e+00
2.706956386566162109e+00
1.510787725448608398e+00
1.763445377349853516e+00
2.964107513427734375e+00
2.552809953689575195e+00
1.603696346282958984e+00
1.990396261215209961e+00
2.855698108673095703e+00
2.250229597091674805e+00
4.275583267211914062e+00
1.093636035919189453e+00
1.638062238693237305e+00
2.174556493759155273e+00
5.872711181640625000e+00
2.499735355377197266e+00
2.799264192581176758e+00
1.446647524833679199e+00
2.819741725921630859e+00
3.323533535003662109e+00
1.940089821815490723e+00
1.610759496688842773e+00
1.890393853187561035e+00
3.175570487976074219e+00
1.703997611999511719e+00
1.561053156852722168e+00
2.003395080566406250e+00
1.793412208557128906e+00
1.349421739578247070e+00
3.825160503387451172e+00
1.816074013710021973e+00
2.553772687911987305e+00
2.696106433868408203e+00
2.408533334732055664e+00
2.168619155883789062e+00
3.043982505798339844e+00
2.449840545654296875e+00
1.855939626693725586e+00
2.098196268081665039e+00
4.912765502929687500e+00
2.327943086624145508e+00
1.764440059661865234e+00
2.517477035522460938e+00
1.347135663032531738e+00
1.858560681343078613e+00
1.445059418678283691e+00
1.753218889236450195e+00
3.352940320968627930e+00
2.171473979949951172e+00
2.030232906341552734e+00
1.099272847175598145e+00
3.454725265502929688e+00
2.135401487350463867e+00
1.501724004745483398e+00
2.622646331787109375e+00
2.424646615982055664e+00
3.172267198562622070e+00
3.313935518264770508e+00
1.363759398460388184e+00
1.186461567878723145e+00
2.197679042816162109e+00
1.874647021293640137e+00
4.094818115234375000e+00
1.619302749633789062e+00
2.274603128433227539e+00
2.713857173919677734e+00
3.142120838165283203e+00
2.646829366683959961e+00
2.948665857315063477e+00
1.449428319931030273e+00
2.116980552673339844e+00
1.324334502220153809e+00
2.410210847854614258e+00
3.030169248580932617e+00
2.583134412765502930e+00
1.781696438789367676e+00
1.762305974960327148e+00
3.348924398422241211e+00
1.140952110290527344e+00
1.615576624870300293e+00
2.317290067672729492e+00
5.156704425811767578e+00
1.419929981231689453e+00
2.402337312698364258e+00
2.061710357666015625e+00
1.043564677238464355e+00
1.906919598579406738e+00
1.602991819381713867e+00
2.877042531967163086e+00
2.838901996612548828e+00
2.401729106903076172e+00
1.567076206207275391e+00
1.352988243103027344e+00
2.488714218139648438e+00
2.088911771774291992e+00
2.813232660293579102e+00
3.161090612411499023e+00
2.008669137954711914e+00
1.871737718582153320e+00
2.710319757461547852e+00
1.638933181762695312e+00
2.974560499191284180e+00
2.415857076644897461e+00
3.108947038650512695e+00
3.589354515075683594e+00
1.772102236747741699e+00
1.810621976852416992e+00
2.035751104354858398e+00
2.155161619186401367e+00
1.632086396217346191e+00
1.440717101097106934e+00
1.858825922012329102e+00
1.656303644180297852e+00
1.915631413459777832e+00
1.894272685050964355e+00
4.307713985443115234e+00
2.263293743133544922e+00
1.565368294715881348e+00
9.532498717308044434e-01
9.290002584457397461e-01
1.601165413856506348e+00
1.764991164207458496e+00
1.879088282585144043e+00
1.529412150382995605e+00
1.290484189987182617e+00
3.117467164993286133e+00
1.343016743659973145e+00
1.447506070137023926e+00
2.027745246887207031e+00
2.337798118591308594e+00
2.543391704559326172e+00
8.779864311218261719e-01
2.882841587066650391e+00
6.980538845062255859e+00
1.564349889755249023e+00
1.246817111968994141e+00
1.586027860641479492e+00
1.886872649192810059e+00
3.168415546417236328e+00
2.265644788742065430e+00
2.517912149429321289e+00
1.416566491127014160e+00
1.474539637565612793e+00
4.234499454498291016e+00
1.500000953674316406e+00
2.476082324981689453e+00
2.906184196472167969e+00
1.154370665550231934e+00
5.069135665893554688e+00
1.801781535148620605e+00
4.908242702484130859e+00
3.733733654022216797e+00
1.554327487945556641e+00
1.432506918907165527e+00
1.696807980537414551e+00
3.193669080734252930e+00
2.426396131515502930e+00
2.015994787216186523e+00
1.446028709411621094e+00
1.518464922904968262e+00
2.471258878707885742e+00
1.464066743850708008e+00
1.771233558654785156e+00
1.525337576866149902e+00
1.144343614578247070e+00
2.791187524795532227e+00
1.458877325057983398e+00
2.331964731216430664e+00
1.901214718818664551e+00
1.420262813568115234e+00
2.683110952377319336e+00
1.706433653831481934e+00
3.371902942657470703e+00
9.541478753089904785e-01
2.405026912689208984e+00
1.525534272193908691e+00
1.613556027412414551e+00
5.497093200683593750e+00
2.438491344451904297e+00
1.599192976951599121e+00
3.259441614151000977e+00
1.799282789230346680e+00
3.828446626663208008e+00
2.296658515930175781e+00
1.952350378036499023e+00
2.661606550216674805e+00
2.489058256149291992e+00
3.898299694061279297e+00
1.377894997596740723e+00
2.287045955657958984e+00
1.402985811233520508e+00
2.333833932876586914e+00
1.764955878257751465e+00
2.143776178359985352e+00
1.301472425460815430e+00
2.774100780487060547e+00
2.004335165023803711e+00
1.184537768363952637e+00
1.425724744796752930e+00
2.449608325958251953e+00
2.259853839874267578e+00
2.335827350616455078e+00
1.308946728706359863e+00
2.229040622711181641e+00
2.253544569015502930e+00
1.874955534934997559e+00
1.197967052459716797e+00
2.276269674301147461e+00
2.093525409698486328e+00
3.001929521560668945e+00
5.141638755798339844e+00
1.704590916633605957e+00
2.974358081817626953e+00
1.367496609687805176e+00
1.838778376579284668e+00
1.344992041587829590e+00
4.275681495666503906e+00
1.482629537582397461e+00
3.006438016891479492e+00
4.660141944885253906e+00
2.954176187515258789e+00
1.502249836921691895e+00
1.341653823852539062e+00
2.993236303329467773e+00
1.165248870849609375e+00
2.724383831024169922e+00
2.504344224929809570e+00
3.733403682708740234e+00
1.333022236824035645e+00
2.207607984542846680e+00
1.916850924491882324e+00
2.440226316452026367e+00
1.895561814308166504e+00
2.138360500335693359e+00
2.878874301910400391e+00
3.739945650100708008e+00
1.732737660408020020e+00
2.446076869964599609e+00
1.532174110412597656e+00
3.353636503219604492e+00
2.087143898010253906e+00
1.681976437568664551e+00
2.728638648986816406e+00
1.779191970825195312e+00
1.142488598823547363e+00
2.906244039535522461e+00
2.221094608306884766e+00
1.473890423774719238e+00
1.693478822708129883e+00
1.404011130332946777e+00
1.852231025695800781e+00
2.815297603607177734e+00
1.934695363044738770e+00
2.249919176101684570e+00
2.786756277084350586e+00
4.329957962036132812e+00
2.533634185791015625e+00
2.774492025375366211e+00
2.922318220138549805e+00
1.692767858505249023e+00
1.386587738990783691e+00
2.863744974136352539e+00
1.252466320991516113e+00
1.803866505622863770e+00
2.008552551269531250e+00
4.468903541564941406e+00
1.204574465751647949e+00
1.417212963104248047e+00
2.915470123291015625e+00
2.526858091354370117e+00
1.307184576988220215e+00
2.676013708114624023e+00
2.905103921890258789e+00
2.608786344528198242e+00
2.650083065032958984e+00
1.377756118774414062e+00
1.694056034088134766e+00
5.665440559387207031e+00
1.914932608604431152e+00
3.469984292984008789e+00
3.241086959838867188e+00
1.892776131629943848e+00
1.403221130371093750e+00
1.708313345909118652e+00
1.543063640594482422e+00
3.078787803649902344e+00
1.756072402000427246e+00
2.895806312561035156e+00
1.771081447601318359e+00
1.506599068641662598e+00
3.239141702651977539e+00
9.344069957733154297e-01
3.136253118515014648e+00
1.911108732223510742e+00
1.643009781837463379e+00
1.981747746467590332e+00
2.268877744674682617e+00
2.208228588104248047e+00
1.927819728851318359e+00
3.586777687072753906e+00
2.511863470077514648e+00
1.837447404861450195e+00
4.394233703613281250e+00
1.899716496467590332e+00
2.443009853363037109e+00
1.229234933853149414e+00
1.838744282722473145e+00
1.731567144393920898e+00
1.983962774276733398e+00
4.098839282989501953e+00
4.829298973083496094e+00
3.837453842163085938e+00
2.766794204711914062e+00
1.306376576423645020e+00
1.939743518829345703e+00
5.869986057281494141e+00
3.474438667297363281e+00
1.497264862060546875e+00
2.127746343612670898e+00
5.356243610382080078e+00
2.826294183731079102e+00
8.405473828315734863e-01
1.158072233200073242e+00
2.859429836273193359e+00
2.478353023529052734e+00
3.119361639022827148e+00
9.710811972618103027e-01
2.096894264221191406e+00
2.006847620010375977e+00
9.734318852424621582e-01
2.709041833877563477e+00
4.827803134918212891e+00
1.635026574134826660e+00
1.921073436737060547e+00
3.092895269393920898e+00
2.425459623336791992e+00
1.250536441802978516e+00
2.880588054656982422e+00
1.733619809150695801e+00
3.014304876327514648e+00
2.801017761230468750e+00
2.949905157089233398e+00
3.052029609680175781e+00
3.024668931961059570e+00
4.524977207183837891e+00
2.861670255661010742e+00
1.961667537689208984e+00
3.529723644256591797e+00
4.618450164794921875e+00
2.190532684326171875e+00
4.126361846923828125e+00
3.827271938323974609e+00
2.685310363769531250e+00
1.026414871215820312e+00
4.909269809722900391e+00
1.553865432739257812e+00
3.935595273971557617e+00
2.022703647613525391e+00
3.351052045822143555e+00
1.655832648277282715e+00
3.891907930374145508e+00
4.186131477355957031e+00
2.938344001770019531e+00
2.661208391189575195e+00
1.314672708511352539e+00
1.215166091918945312e+00
2.498506546020507812e+00
2.403742313385009766e+00
3.014809846878051758e+00
1.548348903656005859e+00
1.608349919319152832e+00
1.631953835487365723e+00
2.990603208541870117e+00
2.296397209167480469e+00
5.280317783355712891e+00
1.954715728759765625e+00
2.675900936126708984e+00
1.622950434684753418e+00
2.321264982223510742e+00
2.618899106979370117e+00
3.006598472595214844e+00
2.654100179672241211e+00
3.974933862686157227e+00
1.347929000854492188e+00
2.236755371093750000e+00
1.673269629478454590e+00
5.388721466064453125e+00
3.132470369338989258e+00
1.743124246597290039e+00
1.796344876289367676e+00
1.608737468719482422e+00
6.573387622833251953e+00
2.431749820709228516e+00
3.939334869384765625e+00
3.562455654144287109e+00
1.666616439819335938e+00
1.814286828041076660e+00
