-1.264100521802902222e-02
-1.142178382724523544e-02
-1.404370297677814960e-03
-1.190947368741035461e-02
-1.639540493488311768e-02
-1.501289196312427521e-02
-1.925107091665267944e-02
-2.087356895208358765e-02
-1.686794310808181763e-02
-1.649543829262256622e-02
-1.920839957892894745e-02
-1.678742840886116028e-02
-1.116740796715021133e-02
-1.446855440735816956e-02
-1.727332733571529388e-02
-1.307506393641233444e-02
-1.251306105405092239e-02
-1.265843212604522705e-02
-2.138870768249034882e-02
-9.401627816259860992e-03
-2.085880748927593231e-02
-1.461295317858457565e-02
-1.400477252900600433e-02
-1.950227282941341400e-02
-1.758582517504692078e-02
-6.675891578197479248e-03
-1.252890843898057938e-02
-1.968955807387828827e-02
-2.196203544735908508e-02
-1.454260200262069702e-02
-1.650131680071353912e-02
-1.352938264608383179e-02
-2.265996672213077545e-02
-1.362206693738698959e-02
-1.384565141052007675e-02
-1.207662280648946762e-02
-4.246009513735771179e-03
-1.760895177721977234e-02
-8.974626660346984863e-03
-1.222820207476615906e-02
-1.221156958490610123e-02
-1.855755969882011414e-02
-1.442626304924488068e-02
-1.244868431240320206e-02
-6.916163954883813858e-03
-1.099961996078491211e-02
-4.088191315531730652e-03
-1.840712688863277435e-02
-1.709048077464103699e-02
-1.411833986639976501e-02
-8.163092657923698425e-03
-1.082654297351837158e-02
-1.553243212401866913e-02
-1.166543364524841309e-02
-1.604078151285648346e-02
-6.773071363568305969e-03
-1.355813909322023392e-02
-9.661826305091381073e-03
-1.499680336564779282e-02
-2.070629596710205078e-02
-1.803660020232200623e-02
-1.434520352631807327e-02
-1.884829625487327576e-02
-1.102347858250141144e-02
-1.655930094420909882e-02
-2.057250589132308960e-02
-1.806847564876079559e-02
-1.371827069669961929e-02
-1.341466046869754791e-02
-1.408495940268039703e-02
-1.344135589897632599e-02
-1.238413713872432709e-02
-1.641915552318096161e-02
-1.784349232912063599e-02
-1.135609205812215805e-02
-1.195716205984354019e-02
-1.439250446856021881e-02
-5.983617156744003296e-03
-1.675320975482463837e-02
-1.534373499453067780e-02
-1.203666254878044128e-02
-2.268957905471324921e-02
-1.920161396265029907e-02
-6.098919548094272614e-03
-1.858642883598804474e-02
-8.745069615542888641e-03
-1.059044897556304932e-02
-1.436811033636331558e-02
-9.234961122274398804e-03
-5.627437494695186615e-03
-1.108573190867900848e-02
-1.782241836190223694e-02
-1.890001259744167328e-02
-1.729874685406684875e-02
-1.416525524109601974e-02
-1.809711195528507233e-02
-1.290246285498142242e-02
-1.489383820444345474e-02
-1.784713007509708405e-02
-1.810623891651630402e-02
-1.751116849482059479e-02
-1.799368485808372498e-02
-8.746881969273090363e-03
-1.210214663296937943e-02
-9.733824059367179871e-03
-1.096638944000005722e-02
-1.640699431300163269e-02
-1.841843314468860626e-02
-1.157565508037805557e-02
-1.667974516749382019e-02
-1.510407216846942902e-02
-1.298543810844421387e-02
-1.271440926939249039e-02
-1.464429032057523727e-02
-1.692835986614227295e-02
-1.885268278419971466e-02
-7.944726385176181793e-03
-9.171090088784694672e-03
-9.956453926861286163e-03
-1.589332334697246552e-02
-1.551927905529737473e-02
-2.029727958142757416e-02
-8.428053930401802063e-03
-1.048014499247074127e-02
-2.157415449619293213e-02
-1.116283237934112549e-02
-1.990059390664100647e-02
-1.114982366561889648e-02
-1.109118014574050903e-02
-4.397675395011901855e-03
-1.527323760092258453e-02
-1.017509214580059052e-02
-2.761160768568515778e-02
-7.517029065638780594e-03
-1.073954533785581589e-02
-1.690206676721572876e-02
-1.881589367985725403e-02
-1.659334637224674225e-02
-1.902174577116966248e-02
-1.687309332191944122e-02
-2.009024471044540405e-02
-1.653317548334598541e-02
-2.097173966467380524e-02
-9.638889692723751068e-03
-1.654553227126598358e-02
-1.594703271985054016e-02
-1.746126078069210052e-02
-1.164288260042667389e-02
-1.247161533683538437e-02
-1.220290828496217728e-02
-1.506861578673124313e-02
-6.092833355069160461e-03
-1.029642112553119659e-02
-9.179259650409221649e-03
-1.037212647497653961e-02
-8.380011655390262604e-03
-1.186767034232616425e-02
-1.134516764432191849e-02
-1.528686564415693283e-02
-1.668224669992923737e-02
-5.762380082160234451e-03
-8.239845745265483856e-03
-1.883715204894542694e-02
-1.041988097131252289e-02
-1.139153726398944855e-02
-9.513692930340766907e-03
-1.162009313702583313e-02
-1.433460135012865067e-02
-1.445751171559095383e-02
-1.315582077950239182e-02
-1.335516385734081268e-02
-1.666518859565258026e-02
-1.300120819360017776e-02
-1.152329519391059875e-02
-1.324264984577894211e-02
-1.676792837679386139e-02
-1.908119954168796539e-02
-1.386199798434972763e-02
-1.114487368613481522e-02
-1.303772721439599991e-02
-6.980977952480316162e-03
-1.322129182517528534e-02
-9.093581698834896088e-03
-1.155143231153488159e-02
-7.164967246353626251e-03
-1.052367966622114182e-02
-1.550311036407947540e-02
-1.469556894153356552e-02
-2.235862612724304199e-02
-1.992015540599822998e-02
-1.488274056464433670e-02
-9.533617645502090454e-03
-1.473148167133331299e-02
-9.545583277940750122e-03
-1.106396131217479706e-02
-1.677277311682701111e-02
-8.827497251331806183e-03
-1.818351820111274719e-02
-1.237781345844268799e-02
-1.371464040130376816e-02
-9.673679247498512268e-03
-1.613385975360870361e-02
-1.080742850899696350e-02
-9.090921841561794281e-03
-8.173792622983455658e-03
-1.894173957407474518e-02
-2.162820473313331604e-02
-1.983328722417354584e-02
-8.207040838897228241e-03
-1.778480038046836853e-02
-1.471442915499210358e-02
-1.308031845837831497e-02
-1.431389246135950089e-02
-7.695123087614774704e-03
-1.868755370378494263e-02
-1.829575933516025543e-02
-1.698037236928939819e-02
-1.495843566954135895e-02
-1.022680010646581650e-02
-1.323985215276479721e-02
-1.458011940121650696e-02
-2.043702080845832825e-02
-1.786818727850914001e-02
-1.323344931006431580e-02
-1.845340617001056671e-02
-2.523175813257694244e-02
-9.870607405900955200e-03
-1.490247994661331177e-02
-1.657175645232200623e-02
-1.109797973185777664e-02
-8.140172809362411499e-03
-2.052557468414306641e-02
-1.260275579988956451e-02
-2.060650289058685303e-02
-1.950287446379661560e-02
-1.100111380219459534e-02
-8.251084014773368835e-03
-1.182414498180150986e-02
-1.348188053816556931e-02
-2.953833201900124550e-03
-1.397085003554821014e-02
-1.914119347929954529e-02
-1.615524478256702423e-02
-1.878070645034313202e-02
-1.045006327331066132e-02
-1.577313058078289032e-02
-1.194529701024293900e-02
-3.299114061519503593e-03
-2.019960619509220123e-02
-1.194839831441640854e-02
-1.559320930391550064e-02
-1.524442154914140701e-02
-1.778162433765828609e-03
-1.636561751365661621e-02
-1.819734834134578705e-02
-9.888402186334133148e-03
-1.252040360122919083e-02
-1.500671543180942535e-02
-1.059910375624895096e-02
-3.632300999015569687e-03
-1.856706850230693817e-02
-1.788639090955257416e-02
-1.483097765594720840e-02
-9.278870187699794769e-03
-1.249191351234912872e-02
-9.931079111993312836e-03
-1.596899889409542084e-02
-1.673910394310951233e-02
-1.048629544675350189e-02
-1.591281220316886902e-02
-2.107474021613597870e-02
-1.580382697284221649e-02
-8.987180888652801514e-03
-1.366043835878372192e-02
-1.298214960843324661e-02
-7.282923441380262375e-03
-1.271012797951698303e-02
-1.389474049210548401e-02
-1.778264343738555908e-02
-1.794821955263614655e-02
-1.185546722263097763e-02
-1.156209316104650497e-02
-1.513621211051940918e-02
-1.515812147408723831e-02
-1.373727805912494659e-02
-1.172005198895931244e-02
-1.454116776585578918e-02
-1.134757418185472488e-02
-5.102946422994136810e-03
-2.112060785293579102e-02
-1.383125036954879761e-02
-1.621849462389945984e-02
-1.909324340522289276e-02
-1.478086505085229874e-02
-1.265400927513837814e-02
-1.715061813592910767e-02
-1.189130917191505432e-02
-9.927332401275634766e-03
-1.573851332068443298e-02
-1.176730263978242874e-02
-7.673185318708419800e-03
-1.798920705914497375e-02
-1.321378443390130997e-02
-1.375348307192325592e-02
-8.354274556040763855e-03
-1.331699360162019730e-02
-1.253160927444696426e-02
-2.077469415962696075e-02
-7.649403065443038940e-03
-1.918072439730167389e-02
-9.784808382391929626e-03
-1.594312675297260284e-02
-1.890596561133861542e-02
-1.611705869436264038e-02
-1.067545637488365173e-02
-1.833407767117023468e-02
-1.860103942453861237e-02
-6.775496061891317368e-03
-1.819851435720920563e-02
-1.611373759806156158e-02
-1.539344806224107742e-02
-1.076430734246969223e-02
-1.825964637100696564e-02
-1.347919274121522903e-02
-1.180658396333456039e-02
-1.462535839527845383e-02
-1.878526061773300171e-02
-1.404365804046392441e-02
-1.345018576830625534e-02
-1.033298578113317490e-02
-1.307668630033731461e-02
-1.061907503753900528e-02
-2.175220102071762085e-02
-1.133447419852018356e-02
-1.462306268513202667e-02
-1.496034860610961914e-02
-1.450540497899055481e-02
-1.821695826947689056e-02
-2.356957085430622101e-02
-1.371015887707471848e-02
-1.857853308320045471e-02
-1.320383045822381973e-02
-1.516230776906013489e-02
-1.371538639068603516e-02
-9.029477834701538086e-03
-1.127827167510986328e-02
-1.449942775070667267e-02
-1.504940539598464966e-02
-5.811022594571113586e-03
-9.434043429791927338e-03
-1.006549969315528870e-02
-1.217428036034107208e-02
-1.991575770080089569e-02
-3.235754324123263359e-03
-1.166361290961503983e-02
-1.034084614366292953e-02
-1.031779777258634567e-02
-9.946520440280437469e-03
-1.400549989193677902e-02
-2.160846255719661713e-02
-1.443723216652870178e-02
-1.550549548119306564e-02
-8.037401363253593445e-03
-1.149677950888872147e-02
-1.303570345044136047e-02
-1.629613339900970459e-02
-9.606131352484226227e-03
-1.901271939277648926e-02
-2.025343850255012512e-02
-1.240837574005126953e-02
-1.723788864910602570e-02
-1.500613149255514145e-02
-1.787669956684112549e-02
-1.363728754222393036e-02
-8.090157061815261841e-03
-1.578525826334953308e-02
-1.702859625220298767e-02
-7.767585571855306625e-03
-1.403708942234516144e-02
-1.331641152501106262e-02
-1.161881722509860992e-02
-1.900427229702472687e-02
-1.311027165502309799e-02
-6.172581110149621964e-03
-1.816778630018234253e-02
-1.297567784786224365e-02
-1.417158916592597961e-02
-1.595949567854404449e-02
-1.354778278619050980e-02
-2.139305695891380310e-02
-2.453623712062835693e-02
-8.184456266462802887e-03
-1.214962918311357498e-02
-9.576693177223205566e-03
-8.608413860201835632e-03
-1.604196801781654358e-02
-9.686046279966831207e-03
-2.095540985465049744e-02
-7.138701621443033218e-03
-1.403778605163097382e-02
-1.860830746591091156e-02
-1.322649326175451279e-02
-1.651576533913612366e-02
-7.107458659447729588e-04
-9.961304254829883575e-03
-7.227498106658458710e-03
-1.269993931055068970e-02
-9.888806380331516266e-03
-1.697503775358200073e-02
-1.904954202473163605e-02
-1.553867943584918976e-02
-1.093155145645141602e-02
-1.212393585592508316e-02
-1.103219669312238693e-02
-1.529001165181398392e-02
-1.126151252537965775e-02
-1.031994912773370743e-02
-1.618501916527748108e-02
-1.182730775326490402e-02
-3.394225379452109337e-03
-1.635208167135715485e-02
-2.042157575488090515e-02
-1.212084665894508362e-02
-1.148931030184030533e-02
-1.131895184516906738e-02
-1.312968321144580841e-02
-1.567202992737293243e-02
-1.367808785289525986e-02
-1.534338481724262238e-02
-2.924268133938312531e-03
-1.143327262252569199e-02
-9.871810674667358398e-03
3.931969404220581055e-03
-1.810374855995178223e-02
-1.572825759649276733e-02
-1.720618456602096558e-02
-1.182961463928222656e-02
-1.630123890936374664e-02
-8.866405114531517029e-03
-1.440786477178335190e-02
-1.860160380601882935e-02
-5.233743693679571152e-03
-1.300848834216594696e-02
-1.609339192509651184e-02
-7.187654729932546616e-03
-1.110311225056648254e-02
-9.802535176277160645e-03
-1.797392778098583221e-02
-1.819133386015892029e-02
-1.079253572970628738e-02
-1.031566131860017776e-02
-1.018961146473884583e-02
-7.976244203746318817e-03
-1.125522516667842865e-02
-9.245893917977809906e-03
-4.089375026524066925e-03
-2.090450562536716461e-02
-8.927872404456138611e-03
-9.313987568020820618e-03
-1.610271260142326355e-02
-1.740156300365924835e-02
-8.689275011420249939e-03
-1.408011373132467270e-02
-1.576284132897853851e-02
-1.079349871724843979e-02
-1.398668065667152405e-02
-1.663159392774105072e-02
-1.720863953232765198e-02
-2.236483059823513031e-02
-1.941015198826789856e-02
-2.541925199329853058e-02
-1.109455712139606476e-02
-1.749194413423538208e-02
-1.729965768754482269e-02
-1.718108355998992920e-02
-9.999339468777179718e-03
-1.464791409671306610e-02
-1.671103201806545258e-02
-1.217511948198080063e-02
-1.315587200224399567e-02
-1.052225939929485321e-02
-1.217860635370016098e-02
-1.199965924024581909e-02
-7.578566670417785645e-03
-1.639865525066852570e-02
-1.627180166542530060e-02
-1.623115688562393188e-02
-1.022966671735048294e-02
-6.547090597450733185e-03
-9.640648961067199707e-03
-1.989225484430789948e-02
-1.298893615603446960e-02
-2.273302152752876282e-02
-1.226436253637075424e-02
-1.354189030826091766e-02
-1.906136423349380493e-02
-1.633026078343391418e-02
-6.747257430106401443e-03
-1.530546415597200394e-02
-1.561970077455043793e-02
-1.062463223934173584e-02
-1.203016005456447601e-02
-1.183760538697242737e-02
-1.967484876513481140e-02
-1.533925905823707581e-02
-9.265280328691005707e-03
-2.725494327023625374e-03
7.270684000104665756e-04
-1.029413845390081406e-02
-8.014862425625324249e-03
-1.622294448316097260e-02
-1.971027068793773651e-02
