8.644224703311920166e-02
-3.850796520709991455e-01
-6.774663329124450684e-01
5.417726635932922363e-01
6.831418275833129883e-01
-8.860916495323181152e-01
-1.700601935386657715e+00
6.379350274801254272e-02
5.958588719367980957e-01
-1.494228094816207886e-02
-7.126764059066772461e-01
-2.617746591567993164e+00
1.298981428146362305e+00
-8.201900720596313477e-01
4.981185495853424072e-01
-4.924707412719726562e-01
8.850147128105163574e-01
-1.659181594848632812e+00
9.232546389102935791e-02
4.950675070285797119e-01
3.968753516674041748e-01
-7.110183835029602051e-01
-1.017721176147460938e+00
-2.732558175921440125e-03
3.474222660064697266e+00
4.386418759822845459e-01
4.951210618019104004e-01
-1.291775941848754883e+00
9.312351346015930176e-01
-1.167399406433105469e+00
4.176277220249176025e-01
-4.425448179244995117e-01
1.131340265274047852e+00
9.396149218082427979e-02
3.397601544857025146e-01
3.848661184310913086e-01
7.556883692741394043e-01
2.740154862403869629e-01
1.462989687919616699e+00
5.060783028602600098e-01
-1.359672307968139648e+00
-1.040611982345581055e+00
2.774992957711219788e-02
7.247207760810852051e-01
3.598904609680175781e-01
-2.218156337738037109e+00
1.601719379425048828e+00
-7.399663925170898438e-01
2.644344270229339600e-01
1.446739286184310913e-01
3.748971819877624512e-01
1.915988087654113770e+00
-1.095413208007812500e+00
5.364700555801391602e-01
-4.009116291999816895e-01
4.239524006843566895e-01
5.272226333618164062e-01
-6.403191089630126953e-01
-1.362013101577758789e+00
-1.560083627700805664e-01
1.257731914520263672e+00
6.317976117134094238e-01
2.707796692848205566e-01
1.489938735961914062e+00
-5.804907679557800293e-01
-2.357444524765014648e+00
-1.319085121154785156e+00
8.275340795516967773e-01
-1.484175771474838257e-02
5.098192095756530762e-01
-2.132910490036010742e+00
1.120711565017700195e+00
-2.391214668750762939e-01
5.442769527435302734e-01
-1.291850447654724121e+00
1.065874814987182617e+00
-3.339196741580963135e-01
-1.138617992401123047e+00
-7.648270726203918457e-01
-8.088708519935607910e-01
9.115245342254638672e-01
-6.106589436531066895e-01
-4.718852937221527100e-01
-1.865244060754776001e-01
7.769095897674560547e-01
7.802351713180541992e-01
5.362679362297058105e-01
-4.604287743568420410e-01
-1.933316439390182495e-01
-4.179739058017730713e-01
2.166196405887603760e-01
9.259495884180068970e-02
2.506855130195617676e-01
-3.265303969383239746e-01
1.067523121833801270e+00
1.014729738235473633e+00
-5.179265737533569336e-01
8.561882376670837402e-01
-9.877405762672424316e-01
-1.453178822994232178e-01
-5.615044236183166504e-01
-2.357147634029388428e-01
1.594102263450622559e+00
-5.719203948974609375e-01
1.067796111106872559e+00
3.462966978549957275e-01
1.715180158615112305e+00
3.030451536178588867e-01
5.860028862953186035e-01
1.548569202423095703e-01
-6.175079345703125000e-01
-2.078995466232299805e+00
1.299139142036437988e+00
1.039745450019836426e+00
1.131891131401062012e+00
6.235752105712890625e-01
-1.370921254158020020e+00
-9.246055483818054199e-01
-6.871979832649230957e-01
1.555100083351135254e+00
1.042022824287414551e+00
-8.630163967609405518e-02
1.129213869571685791e-01
-1.072548389434814453e+00
-6.875270605087280273e-01
-2.376943826675415039e-01
-1.563682109117507935e-01
1.190004348754882812e+00
6.593478322029113770e-01
-2.623245477676391602e+00
-3.329042494297027588e-01
-2.456192493438720703e+00
1.047298073768615723e+00
-9.449380040168762207e-01
-1.815055608749389648e+00
2.717876732349395752e-01
5.104634165763854980e-01
1.499738693237304688e+00
-6.731524467468261719e-01
8.707820177078247070e-01
2.947240509092807770e-02
-1.340510696172714233e-01
-9.841630607843399048e-02
4.036067128181457520e-01
-4.325194358825683594e-01
-1.977416723966598511e-01
-8.092030882835388184e-01
9.463590383529663086e-01
2.843187749385833740e-01
-9.805001020431518555e-01
1.385605216026306152e+00
-2.959875762462615967e-01
-2.246906608343124390e-02
-3.257974088191986084e-01
1.965868711471557617e+00
2.937043905258178711e-01
8.018568158149719238e-01
5.130752921104431152e-01
-6.915402412414550781e-01
-3.397383093833923340e-01
-5.447623729705810547e-01
-6.176607608795166016e-01
3.586238622665405273e-01
-9.845774173736572266e-01
-5.538790822029113770e-01
6.205720826983451843e-02
-1.956627517938613892e-01
9.452471733093261719e-01
-2.809196114540100098e-01
1.502619028091430664e+00
1.035702586174011230e+00
-1.478946208953857422e+00
-3.969908654689788818e-01
-3.017752170562744141e-01
9.047414660453796387e-01
-3.216907680034637451e-01
-7.055267691612243652e-01
-7.219499349594116211e-01
-2.297464460134506226e-01
-2.038071870803833008e+00
4.175477623939514160e-01
-8.548256754875183105e-01
4.876020252704620361e-01
-1.066894769668579102e+00
-5.130347609519958496e-01
7.069188952445983887e-01
-9.910535812377929688e-02
-9.437553882598876953e-01
7.055821269750595093e-02
-5.679671764373779297e-01
6.981808543205261230e-01
2.475003600120544434e-01
1.898250699043273926e+00
-1.755517572164535522e-01
-5.564541742205619812e-02
1.193778872489929199e+00
3.067499101161956787e-01
8.341448307037353516e-01
-2.005267381668090820e+00
1.853496730327606201e-01
-5.596251487731933594e-01
-4.645815491676330566e-01
7.570266127586364746e-01
3.846724927425384521e-01
-2.980270683765411377e-01
-4.447432756423950195e-01
-6.725282073020935059e-01
5.145072340965270996e-01
-6.571309268474578857e-02
-2.018472403287887573e-01
8.505859971046447754e-01
-2.814857661724090576e-01
-7.236036062240600586e-01
-5.133524537086486816e-02
-1.138994336128234863e+00
-6.234473586082458496e-01
6.575179696083068848e-01
-1.640778034925460815e-01
3.816735744476318359e-01
2.252120375633239746e-01
1.636277437210083008e-01
-3.005255758762359619e-01
-1.690367817878723145e+00
9.882008433341979980e-01
2.037159502506256104e-01
-3.786946460604667664e-02
-8.280461430549621582e-01
-1.429515242576599121e+00
1.360937237739562988e+00
1.699818491935729980e+00
9.877983927726745605e-01
5.008378624916076660e-01
4.830870628356933594e-01
4.178712069988250732e-01
-2.817990817129611969e-02
5.949128866195678711e-01
-1.362641930580139160e+00
5.002433434128761292e-02
4.598640277981758118e-02
-2.179942876100540161e-01
-1.113001585006713867e+00
6.334773302078247070e-01
-2.713555991649627686e-01
3.512429594993591309e-01
-2.474651098251342773e+00
-4.976633787155151367e-01
-4.407400265336036682e-02
1.150360703468322754e+00
-7.037721872329711914e-01
-1.678245544433593750e+00
9.581161141395568848e-01
3.801509439945220947e-01
7.931210994720458984e-01
3.013954162597656250e+00
-2.890977635979652405e-02
-9.235301017761230469e-01
-8.610284328460693359e-01
-1.116207018494606018e-01
2.507169723510742188e+00
1.534966230392456055e-01
1.041810870170593262e+00
-1.030807018280029297e+00
9.475077688694000244e-02
-1.054266393184661865e-01
9.610841870307922363e-01
3.176952362060546875e+00
1.841697096824645996e+00
-1.567343771457672119e-01
-1.947327554225921631e-01
1.235879659652709961e-01
-5.503540635108947754e-01
-4.734769463539123535e-01
9.106384515762329102e-01
-7.346915006637573242e-01
4.347745180130004883e-01
-1.305445730686187744e-01
-4.503443539142608643e-01
1.999725252389907837e-01
-4.096758663654327393e-01
4.895550012588500977e-01
-2.798260152339935303e-01
3.145190179347991943e-01
1.446398973464965820e+00
-2.506344020366668701e-01
-3.668249249458312988e-01
-6.759960651397705078e-01
5.925564765930175781e-01
1.812707662582397461e+00
4.276104867458343506e-01
-1.047886848449707031e+00
6.024312973022460938e-02
-5.277722477912902832e-01
1.177886351943016052e-01
3.490577638149261475e-01
1.663410067558288574e-01
-1.609176635742187500e+00
-6.391255259513854980e-01
3.873354569077491760e-02
-6.021318435668945312e-01
1.421453833580017090e+00
7.375496029853820801e-01
1.798343360424041748e-01
1.017610073089599609e+00
3.384377360343933105e-01
-6.094414591789245605e-01
4.966125823557376862e-03
-1.495458006858825684e+00
-5.452768206596374512e-01
1.118860244750976562e+00
4.959837794303894043e-01
-1.490949869155883789e+00
5.847517848014831543e-01
1.661311388015747070e-01
4.112160503864288330e-01
1.728568196296691895e+00
-8.045026659965515137e-01
-1.043289065361022949e+00
6.821011900901794434e-01
4.228347837924957275e-01
8.243779540061950684e-01
5.377681255340576172e-01
2.180653065443038940e-01
6.971683353185653687e-02
-1.785601526498794556e-01
1.037282049655914307e-01
-9.267669916152954102e-01
-9.810396432876586914e-01
-1.810524463653564453e+00
-6.676377654075622559e-01
-7.655426263809204102e-01
-4.904707074165344238e-01
-1.277598977088928223e+00
-1.310026407241821289e+00
1.272819042205810547e+00
5.539008378982543945e-01
-3.017337024211883545e-01
5.229604840278625488e-01
-7.112296223640441895e-01
5.375941395759582520e-01
8.607970476150512695e-01
3.195951581001281738e-01
-1.219663843512535095e-01
-6.695666909217834473e-01
-3.709739446640014648e-01
-1.097852468490600586e+00
4.310350418090820312e-01
4.927960634231567383e-01
1.209907531738281250e+00
-1.460935734212398529e-02
-2.568043768405914307e-02
-1.255069226026535034e-01
6.421411037445068359e-01
7.557522058486938477e-01
1.120375394821166992e+00
-6.238054633140563965e-01
-5.794456601142883301e-01
-1.809942424297332764e-01
-1.302501678466796875e+00
-1.285812020301818848e+00
-8.471381664276123047e-01
3.494367897510528564e-01
-1.496593236923217773e+00
-1.903681755065917969e-01
-8.546847701072692871e-01
1.729376167058944702e-01
6.973260641098022461e-01
-6.709973812103271484e-01
3.987236320972442627e-02
1.485540032386779785e+00
-9.591707587242126465e-01
-8.292067646980285645e-01
-3.524985611438751221e-01
6.004581451416015625e-01
-2.503621876239776611e-01
9.216009974479675293e-01
6.980286836624145508e-01
9.026066064834594727e-01
-9.941554069519042969e-02
-2.881142124533653259e-02
-5.919541716575622559e-01
9.396973997354507446e-02
-4.858180284500122070e-01
-1.829608678817749023e+00
5.966566205024719238e-01
-1.259035706520080566e+00
3.911981284618377686e-01
-2.582583665847778320e+00
8.842149376869201660e-01
-1.474767625331878662e-01
-8.754754066467285156e-02
-6.241742521524429321e-02
7.034505009651184082e-01
-9.846253991127014160e-01
7.015733122825622559e-01
3.686087438836693764e-04
5.076625347137451172e-01
1.384985893964767456e-01
6.379868984222412109e-01
-6.195433139801025391e-01
-9.123573303222656250e-01
-9.513680636882781982e-02
-7.525859028100967407e-02
6.890187263488769531e-01
-9.548806548118591309e-01
1.188898801803588867e+00
1.195184230804443359e+00
1.171958521008491516e-01
-1.603346347808837891e+00
-5.702801346778869629e-01
-9.216231107711791992e-01
-2.873488903045654297e+00
-6.859834790229797363e-01
-1.609536170959472656e+00
1.661231398582458496e+00
-6.655825376510620117e-01
-1.178840622305870056e-01
1.598202824592590332e+00
1.598269820213317871e+00
1.530248403549194336e+00
5.841583609580993652e-01
-1.161284074187278748e-01
8.262003660202026367e-01
3.443690538406372070e-01
4.826321005821228027e-01
2.299639284610748291e-01
-2.340044975280761719e+00
2.102250754833221436e-01
2.305424928665161133e+00
4.509884417057037354e-01
-3.407054841518402100e-01
1.017744660377502441e+00
4.004234075546264648e-01
1.307568669319152832e+00
4.678102135658264160e-01
4.106058478355407715e-01
-2.141538411378860474e-01
2.434606999158859253e-01
-6.431484222412109375e-01
-4.574414342641830444e-02
1.086822867393493652e+00
5.350950360298156738e-01
5.868270620703697205e-02
-1.919087171554565430e+00
-8.944447040557861328e-01
1.708326190710067749e-01
6.218280792236328125e-01
-7.513353228569030762e-01
-9.894776344299316406e-01
3.336747288703918457e-01
1.313339352607727051e+00
6.680823564529418945e-01
-5.717589259147644043e-01
2.660827636718750000e-01
7.615015506744384766e-01
4.058004915714263916e-01
1.301644086837768555e+00
2.907805740833282471e-01
-3.571373522281646729e-01
6.674871444702148438e-01
4.447378814220428467e-01
2.991747260093688965e-01
-4.790787398815155029e-01
-1.519769728183746338e-01
3.903752565383911133e-02
2.607478499412536621e-01
-2.104760885238647461e+00
-3.867565989494323730e-01
1.420901268720626831e-01
-4.020231962203979492e-01
-8.419231772422790527e-01
-7.660580873489379883e-01
-6.374350786209106445e-01
1.735769361257553101e-01
8.006757497787475586e-01
-4.336955249309539795e-01
3.342371702194213867e+00
4.525025188922882080e-01
5.510916709899902344e-01
-2.280569791793823242e+00
-3.855230510234832764e-01
-2.383962273597717285e-01
1.066028594970703125e+00
-3.578939139842987061e-01
1.445213079452514648e+00
-6.794332861900329590e-01
-9.873086214065551758e-02
6.430829167366027832e-01
1.142351627349853516e+00
1.069120883941650391e+00
1.168725728988647461e+00
1.484576910734176636e-01
7.540055513381958008e-01
-1.290588974952697754e-01
-1.167817473411560059e+00
8.099033683538436890e-02
1.187639385461807251e-01
2.296731233596801758e+00
6.465252637863159180e-01
3.354503512382507324e-01
-5.321404337882995605e-01
-9.015371799468994141e-01
-1.495515227317810059e+00
2.344076633453369141e+00
1.173131167888641357e-01
1.628616303205490112e-01
-8.233380317687988281e-01
-7.996090054512023926e-01
-8.644056320190429688e-01
1.369183182716369629e+00
1.262341022491455078e+00
3.714409470558166504e-01
-6.632474660873413086e-01
