9.961993694305419922e-01
9.952983856201171875e-01
1.011696219444274902e+00
9.893449544906616211e-01
9.988908767700195312e-01
1.007579565048217773e+00
1.000741839408874512e+00
1.003544092178344727e+00
1.007151484489440918e+00
9.963548779487609863e-01
1.000829219818115234e+00
9.934751391410827637e-01
9.961329102516174316e-01
9.991317391395568848e-01
1.009549975395202637e+00
1.005241155624389648e+00
9.892301559448242188e-01
9.864506721496582031e-01
1.012527227401733398e+00
1.006563067436218262e+00
1.004533529281616211e+00
1.005717754364013672e+00
9.939684867858886719e-01
1.004759788513183594e+00
9.929708838462829590e-01
9.978607892990112305e-01
9.871348738670349121e-01
9.971074461936950684e-01
9.975652098655700684e-01
9.984415173530578613e-01
1.001337885856628418e+00
9.929641485214233398e-01
9.991335868835449219e-01
1.005182862281799316e+00
1.007581472396850586e+00
1.020062923431396484e+00
1.009342074394226074e+00
9.972739815711975098e-01
9.939354658126831055e-01
9.949960112571716309e-01
9.909108281135559082e-01
1.011893987655639648e+00
1.010407805442810059e+00
9.945179224014282227e-01
9.999582171440124512e-01
1.000628948211669922e+00
1.000703334808349609e+00
1.011638760566711426e+00
9.931233525276184082e-01
9.989687800407409668e-01
9.980428814888000488e-01
9.991205930709838867e-01
1.002346754074096680e+00
9.913811683654785156e-01
1.008290767669677734e+00
1.000870943069458008e+00
9.879899024963378906e-01
9.932915568351745605e-01
1.004006147384643555e+00
1.003365874290466309e+00
9.882600307464599609e-01
1.000148177146911621e+00
9.883414506912231445e-01
9.889925122261047363e-01
9.964098930358886719e-01
9.854537844657897949e-01
9.963541030883789062e-01
1.004811525344848633e+00
1.008927822113037109e+00
9.952011108398437500e-01
1.009885907173156738e+00
1.000767350196838379e+00
9.939239621162414551e-01
9.988446831703186035e-01
9.971407651901245117e-01
9.983305335044860840e-01
9.920307397842407227e-01
1.006846666336059570e+00
1.007229328155517578e+00
1.002913713455200195e+00
9.904896616935729980e-01
1.002398133277893066e+00
1.006579875946044922e+00
1.003412008285522461e+00
9.937707781791687012e-01
1.001848578453063965e+00
1.005344986915588379e+00
9.912404417991638184e-01
1.012878894805908203e+00
1.003383278846740723e+00
9.927425980567932129e-01
1.006240725517272949e+00
9.945213198661804199e-01
1.011288523674011230e+00
9.967799186706542969e-01
1.002084016799926758e+00
1.001730084419250488e+00
9.918144345283508301e-01
9.921813607215881348e-01
1.008437037467956543e+00
9.913095831871032715e-01
1.000839352607727051e+00
9.945743680000305176e-01
1.004806160926818848e+00
9.965381026268005371e-01
9.945102930068969727e-01
9.969500899314880371e-01
1.006058573722839355e+00
9.908919930458068848e-01
1.008320450782775879e+00
9.852688312530517578e-01
9.964786171913146973e-01
9.901208281517028809e-01
1.001935482025146484e+00
1.001860260963439941e+00
9.978218078613281250e-01
1.008907318115234375e+00
1.001085996627807617e+00
9.967020153999328613e-01
9.981490969657897949e-01
1.001347661018371582e+00
9.962766766548156738e-01
9.973874688148498535e-01
9.961279630661010742e-01
9.992238879203796387e-01
1.000962376594543457e+00
1.008666515350341797e+00
1.000469923019409180e+00
1.001750349998474121e+00
9.932527542114257812e-01
9.979534745216369629e-01
9.962970018386840820e-01
1.003722786903381348e+00
9.979267120361328125e-01
9.984008073806762695e-01
1.002884626388549805e+00
9.947026968002319336e-01
9.963530302047729492e-01
9.929941296577453613e-01
9.952964186668395996e-01
1.004059433937072754e+00
1.003656506538391113e+00
1.003792881965637207e+00
1.010457158088684082e+00
9.963247776031494141e-01
9.987565875053405762e-01
9.932041168212890625e-01
1.006812572479248047e+00
1.000119566917419434e+00
9.980385303497314453e-01
9.972760677337646484e-01
1.007479786872863770e+00
9.989632964134216309e-01
9.981371760368347168e-01
9.905443191528320312e-01
1.005519151687622070e+00
9.980503916740417480e-01
1.004121303558349609e+00
1.008890628814697266e+00
9.995313286781311035e-01
1.003083229064941406e+00
1.004371881484985352e+00
1.002967476844787598e+00
9.975960850715637207e-01
9.988851547241210938e-01
1.012676119804382324e+00
9.897770881652832031e-01
1.002804279327392578e+00
9.932792782783508301e-01
9.912934303283691406e-01
1.001681208610534668e+00
9.988709688186645508e-01
9.915059804916381836e-01
1.013370871543884277e+00
1.005649328231811523e+00
9.863293170928955078e-01
1.010815024375915527e+00
9.856301546096801758e-01
9.937219023704528809e-01
1.004185557365417480e+00
9.970687627792358398e-01
9.905984997749328613e-01
9.962494969367980957e-01
9.994518160820007324e-01
1.006383657455444336e+00
9.985640048980712891e-01
1.000621557235717773e+00
9.978011250495910645e-01
9.958309531211853027e-01
9.899209141731262207e-01
9.992318153381347656e-01
1.005519866943359375e+00
9.845542311668395996e-01
1.002575874328613281e+00
9.969217181205749512e-01
1.001166939735412598e+00
9.958584904670715332e-01
1.002332091331481934e+00
9.955254793167114258e-01
9.993206858634948730e-01
1.014879584312438965e+00
9.938911199569702148e-01
1.004101634025573730e+00
1.003497123718261719e+00
9.989684224128723145e-01
9.941210150718688965e-01
9.952591657638549805e-01
1.007671356201171875e+00
1.002294182777404785e+00
9.954974651336669922e-01
9.964113831520080566e-01
9.952519536018371582e-01
1.006127357482910156e+00
1.000032424926757812e+00
9.964375495910644531e-01
1.008917570114135742e+00
9.952029585838317871e-01
1.004595160484313965e+00
9.908473491668701172e-01
9.841375350952148438e-01
1.004140496253967285e+00
1.001418948173522949e+00
9.945707321166992188e-01
9.959930181503295898e-01
1.014376759529113770e+00
1.000051498413085938e+00
1.010518312454223633e+00
9.994915127754211426e-01
9.923380613327026367e-01
1.003904581069946289e+00
9.950183033943176270e-01
1.007141709327697754e+00
1.001885414123535156e+00
1.006306529045104980e+00
1.005206346511840820e+00
9.957030415534973145e-01
1.009917259216308594e+00
1.003431200981140137e+00
9.909411668777465820e-01
1.005429506301879883e+00
9.949340820312500000e-01
9.942241907119750977e-01
1.002501726150512695e+00
1.005396604537963867e+00
1.006253480911254883e+00
9.963089227676391602e-01
1.005715608596801758e+00
1.004425406455993652e+00
9.833499789237976074e-01
1.004586458206176758e+00
1.001668930053710938e+00
9.975378513336181641e-01
1.015077352523803711e+00
9.919410943984985352e-01
1.005245089530944824e+00
1.007113814353942871e+00
1.001447439193725586e+00
1.005643844604492188e+00
9.939496517181396484e-01
1.005211591720581055e+00
9.921830892562866211e-01
9.967260360717773438e-01
1.011187434196472168e+00
9.933154582977294922e-01
1.005755662918090820e+00
9.947982430458068848e-01
9.936464428901672363e-01
1.001003265380859375e+00
1.006313085556030273e+00
1.007841944694519043e+00
9.889752268791198730e-01
9.946113228797912598e-01
9.977385997772216797e-01
1.010131955146789551e+00
1.008999824523925781e+00
1.003121018409729004e+00
1.007887482643127441e+00
1.002954006195068359e+00
1.005734324455261230e+00
1.015565276145935059e+00
9.975149035453796387e-01
9.931392669677734375e-01
1.000575065612792969e+00
1.007525086402893066e+00
9.974731206893920898e-01
1.009199023246765137e+00
9.944457411766052246e-01
9.925763010978698730e-01
1.009078502655029297e+00
9.986991286277770996e-01
1.002826333045959473e+00
9.970956444740295410e-01
1.000780344009399414e+00
9.921091794967651367e-01
1.002566456794738770e+00
1.011136293411254883e+00
1.003700017929077148e+00
9.951897859573364258e-01
9.937790632247924805e-01
1.006790280342102051e+00
9.957488179206848145e-01
9.892733097076416016e-01
9.920685291290283203e-01
1.011311531066894531e+00
9.960038661956787109e-01
9.961542487144470215e-01
9.972752928733825684e-01
9.952151179313659668e-01
9.972945451736450195e-01
1.000393867492675781e+00
9.953201413154602051e-01
1.003478765487670898e+00
1.014757513999938965e+00
1.004721045494079590e+00
9.952522516250610352e-01
9.893049597740173340e-01
9.895146489143371582e-01
1.013168573379516602e+00
9.922248721122741699e-01
1.006744384765625000e+00
1.004075527191162109e+00
1.012512445449829102e+00
1.003095149993896484e+00
9.976572990417480469e-01
9.954215884208679199e-01
9.879177212715148926e-01
1.009772419929504395e+00
9.951032400131225586e-01
1.006420254707336426e+00
1.004874229431152344e+00
1.000905394554138184e+00
9.951367974281311035e-01
1.005126714706420898e+00
9.890915155410766602e-01
9.943466186523437500e-01
9.946993589401245117e-01
1.006790518760681152e+00
1.000156521797180176e+00
9.952525496482849121e-01
1.005335450172424316e+00
9.910811781883239746e-01
9.985532164573669434e-01
9.944035410881042480e-01
1.000733494758605957e+00
9.957598447799682617e-01
9.926371574401855469e-01
9.987543821334838867e-01
9.917680025100708008e-01
1.007125973701477051e+00
9.977506399154663086e-01
9.970678687095642090e-01
9.984086155891418457e-01
1.002181768417358398e+00
1.017727255821228027e+00
9.884518980979919434e-01
9.928486347198486328e-01
1.005103111267089844e+00
9.986898899078369141e-01
1.005916476249694824e+00
1.007554531097412109e+00
9.895641207695007324e-01
9.948607683181762695e-01
1.002445101737976074e+00
1.000439405441284180e+00
1.003990888595581055e+00
1.001031994819641113e+00
9.882003068923950195e-01
9.950613975524902344e-01
9.968519210815429688e-01
1.004207134246826172e+00
9.897429943084716797e-01
1.011112093925476074e+00
9.894822835922241211e-01
1.011994004249572754e+00
1.001959562301635742e+00
1.010400414466857910e+00
9.940482378005981445e-01
1.009988546371459961e+00
1.004142403602600098e+00
1.004691243171691895e+00
9.889876246452331543e-01
1.004138231277465820e+00
9.981541037559509277e-01
1.005745768547058105e+00
9.928328990936279297e-01
1.014927506446838379e+00
9.929108023643493652e-01
1.000030755996704102e+00
1.005198836326599121e+00
9.933104515075683594e-01
9.991155862808227539e-01
1.010621666908264160e+00
9.916686415672302246e-01
9.913191199302673340e-01
9.984164834022521973e-01
9.909443855285644531e-01
1.005424022674560547e+00
9.961841106414794922e-01
1.011368632316589355e+00
9.990649223327636719e-01
9.989116787910461426e-01
9.910181164741516113e-01
9.970199465751647949e-01
1.015349507331848145e+00
9.955548048019409180e-01
9.968042969703674316e-01
1.000236034393310547e+00
9.938184022903442383e-01
1.001347303390502930e+00
9.934931397438049316e-01
9.963416457176208496e-01
9.997489452362060547e-01
9.980376362800598145e-01
1.001095771789550781e+00
9.976468086242675781e-01
1.001751661300659180e+00
9.926772713661193848e-01
9.889386296272277832e-01
9.935157895088195801e-01
1.005383729934692383e+00
1.000885963439941406e+00
1.003196120262145996e+00
1.020298838615417480e+00
9.950990080833435059e-01
9.916980862617492676e-01
9.953956604003906250e-01
1.004832863807678223e+00
9.995446205139160156e-01
1.009749174118041992e+00
1.000322341918945312e+00
9.942816495895385742e-01
9.921315312385559082e-01
1.019222855567932129e+00
9.900773167610168457e-01
9.852846860885620117e-01
9.888840317726135254e-01
1.007051348686218262e+00
1.001807808876037598e+00
9.943553209304809570e-01
1.002471446990966797e+00
1.005904197692871094e+00
9.987698793411254883e-01
9.974671602249145508e-01
9.959828853607177734e-01
1.013130068778991699e+00
9.974385499954223633e-01
9.944698810577392578e-01
1.002944350242614746e+00
1.003755807876586914e+00
9.943343997001647949e-01
1.000810265541076660e+00
1.003610849380493164e+00
1.001824617385864258e+00
1.002076506614685059e+00
9.943297505378723145e-01
1.013682365417480469e+00
9.891321659088134766e-01
9.911997914314270020e-01
9.954427480697631836e-01
9.926780462265014648e-01
9.846494197845458984e-01
9.966784119606018066e-01
9.915617704391479492e-01
9.926071763038635254e-01
9.934266805648803711e-01
9.902245402336120605e-01
1.004321575164794922e+00
9.959497451782226562e-01
1.003934979438781738e+00
9.893831014633178711e-01
1.008244037628173828e+00
9.949824213981628418e-01
1.005260586738586426e+00
9.877104163169860840e-01
9.972521066665649414e-01
9.932014942169189453e-01
9.915195703506469727e-01
1.001846313476562500e+00
9.983149170875549316e-01
1.000544071197509766e+00
1.001743078231811523e+00
9.931000471115112305e-01
9.952153563499450684e-01
1.008684277534484863e+00
1.005170702934265137e+00
1.002053856849670410e+00
1.000696778297424316e+00
9.922837018966674805e-01
9.983220100402832031e-01
9.932553172111511230e-01
9.970210194587707520e-01
9.938670992851257324e-01
1.013653755187988281e+00
1.001037716865539551e+00
9.939687848091125488e-01
9.995830059051513672e-01
9.949359297752380371e-01
9.990023970603942871e-01
1.008291125297546387e+00
9.982080459594726562e-01
1.006776094436645508e+00
9.943715333938598633e-01
9.926739335060119629e-01
9.982843995094299316e-01
1.004203081130981445e+00
9.963204264640808105e-01
9.969431161880493164e-01
9.995041489601135254e-01
9.969628453254699707e-01
1.002830505371093750e+00
1.000202775001525879e+00
1.007289528846740723e+00
