2.413795143365859985e-01
2.461088895797729492e-01
3.303974866867065430e-01
2.389103919267654419e-01
2.452180385589599609e-01
3.267498612403869629e-01
2.491748929023742676e-01
2.944255173206329346e-01
2.822068035602569580e-01
3.681862354278564453e-01
3.263284564018249512e-01
2.228722423315048218e-01
2.059471905231475830e-01
2.989043891429901123e-01
2.435983717441558838e-01
3.022673726081848145e-01
3.809172809123992920e-01
2.967139482498168945e-01
3.106491565704345703e-01
2.118201404809951782e-01
2.322379201650619507e-01
2.663417458534240723e-01
2.733251154422760010e-01
2.426370978355407715e-01
2.529091536998748779e-01
2.873912453651428223e-01
1.859076768159866333e-01
2.222039103507995605e-01
2.960040271282196045e-01
3.228183984756469727e-01
2.160044610500335693e-01
3.307029008865356445e-01
2.499059736728668213e-01
2.418937236070632935e-01
3.245742917060852051e-01
2.128427624702453613e-01
3.553079068660736084e-01
3.006982505321502686e-01
2.928377985954284668e-01
4.418222904205322266e-01
2.471264898777008057e-01
2.480061799287796021e-01
2.232710123062133789e-01
3.257715404033660889e-01
2.553282976150512695e-01
2.357503622770309448e-01
2.498862445354461670e-01
2.127189189195632935e-01
2.714775502681732178e-01
2.391532957553863525e-01
2.356020510196685791e-01
1.983754336833953857e-01
2.439621239900588989e-01
2.511443197727203369e-01
2.820309102535247803e-01
1.935906112194061279e-01
2.550048828125000000e-01
6.535884737968444824e-01
2.014481127262115479e-01
2.830244004726409912e-01
1.864823997020721436e-01
2.066458016633987427e-01
2.168476283550262451e-01
2.415823638439178467e-01
2.742755711078643799e-01
3.142986893653869629e-01
2.382245510816574097e-01
1.853796839714050293e-01
2.194610089063644409e-01
2.333543151617050171e-01
2.419174611568450928e-01
1.897324472665786743e-01
1.812316775321960449e-01
3.280075788497924805e-01
2.157582193613052368e-01
3.291189670562744141e-01
2.081127613782882690e-01
3.683924078941345215e-01
2.053686827421188354e-01
2.369794845581054688e-01
2.841156125068664551e-01
3.145013153553009033e-01
2.226966917514801025e-01
1.965030729770660400e-01
3.271908760070800781e-01
3.077277839183807373e-01
2.019091397523880005e-01
2.763599753379821777e-01
2.847850918769836426e-01
2.378054112195968628e-01
3.049891591072082520e-01
2.031556218862533569e-01
2.672748565673828125e-01
2.678056955337524414e-01
3.334227800369262695e-01
2.439072281122207642e-01
1.773372441530227661e-01
2.678023278713226318e-01
3.495789170265197754e-01
2.933316230773925781e-01
2.724772095680236816e-01
1.946335434913635254e-01
3.027511537075042725e-01
3.098955452442169189e-01
2.502924203872680664e-01
2.729904651641845703e-01
3.062037527561187744e-01
2.279805392026901245e-01
2.356380671262741089e-01
2.972796559333801270e-01
2.609942257404327393e-01
2.447160929441452026e-01
2.609416246414184570e-01
1.836290657520294189e-01
2.078035920858383179e-01
2.625946998596191406e-01
2.118176072835922241e-01
2.412654608488082886e-01
2.483274340629577637e-01
2.914421558380126953e-01
2.438596040010452271e-01
3.345826268196105957e-01
1.991451084613800049e-01
2.950838506221771240e-01
2.022359818220138550e-01
2.674812972545623779e-01
4.132203757762908936e-01
3.130606114864349365e-01
2.763377428054809570e-01
2.928152084350585938e-01
4.570160806179046631e-01
2.058444619178771973e-01
2.597877383232116699e-01
2.672990262508392334e-01
3.809205889701843262e-01
2.057943940162658691e-01
1.991374939680099487e-01
2.602933347225189209e-01
3.620294928550720215e-01
3.402641415596008301e-01
3.393734395503997803e-01
2.054719328880310059e-01
4.367600083351135254e-01
2.627403736114501953e-01
2.770428061485290527e-01
1.957848072052001953e-01
2.768683433532714844e-01
3.109537661075592041e-01
2.060991823673248291e-01
2.744489610195159912e-01
4.490528702735900879e-01
2.373728901147842407e-01
3.006379604339599609e-01
2.418678402900695801e-01
2.107080370187759399e-01
2.539764642715454102e-01
2.924003899097442627e-01
3.105897903442382812e-01
3.156659305095672607e-01
2.583974599838256836e-01
3.859361112117767334e-01
2.027169615030288696e-01
2.686516344547271729e-01
1.985103040933609009e-01
2.899516224861145020e-01
2.522157430648803711e-01
2.708009183406829834e-01
2.052938640117645264e-01
2.433085143566131592e-01
2.450639903545379639e-01
1.749330013990402222e-01
2.963102459907531738e-01
2.431495934724807739e-01
2.939375042915344238e-01
2.957448065280914307e-01
3.062168657779693604e-01
2.091234326362609863e-01
2.595333755016326904e-01
2.088122069835662842e-01
1.823965907096862793e-01
2.820446491241455078e-01
2.370637804269790649e-01
2.485949695110321045e-01
2.062959820032119751e-01
2.319404929876327515e-01
2.278601080179214478e-01
3.025249242782592773e-01
2.462984919548034668e-01
2.402248680591583252e-01
2.663128972053527832e-01
2.268162518739700317e-01
2.185140401124954224e-01
2.515491843223571777e-01
1.824219375848770142e-01
3.298924565315246582e-01
2.027618438005447388e-01
2.368645220994949341e-01
3.076841235160827637e-01
2.323644012212753296e-01
3.510927557945251465e-01
1.982572823762893677e-01
3.163846731185913086e-01
2.504260838031768799e-01
4.831261336803436279e-01
2.259224504232406616e-01
2.764702141284942627e-01
2.353195697069168091e-01
3.228800892829895020e-01
2.290194034576416016e-01
2.761733233928680420e-01
3.026695847511291504e-01
2.353001683950424194e-01
2.672208547592163086e-01
2.380827814340591431e-01
2.073570787906646729e-01
2.258266359567642212e-01
2.117977589368820190e-01
2.469663172960281372e-01
2.139524519443511963e-01
2.032763957977294922e-01
2.498211264610290527e-01
2.933793962001800537e-01
3.446859717369079590e-01
2.664090692996978760e-01
2.349735200405120850e-01
4.206755757331848145e-01
2.950335443019866943e-01
2.059495896100997925e-01
2.770764827728271484e-01
3.045348525047302246e-01
2.051525264978408813e-01
2.508722841739654541e-01
3.243308365345001221e-01
3.214254379272460938e-01
2.321939468383789062e-01
3.171085417270660400e-01
2.207008600234985352e-01
2.409605681896209717e-01
2.198290377855300903e-01
2.134101539850234985e-01
2.489482462406158447e-01
2.462942004203796387e-01
1.895358413457870483e-01
1.629849225282669067e-01
2.380173802375793457e-01
3.027496635913848877e-01
2.403790354728698730e-01
3.505285382270812988e-01
3.440061807632446289e-01
3.756261467933654785e-01
2.189570218324661255e-01
2.005277425050735474e-01
2.497977614402770996e-01
4.096713364124298096e-01
2.825762927532196045e-01
3.714493215084075928e-01
