9.819753170013427734e-01
1.014099121093750000e+00
1.016518115997314453e+00
1.005272865295410156e+00
1.000258684158325195e+00
9.973189234733581543e-01
1.002592802047729492e+00
9.955129027366638184e-01
1.014950513839721680e+00
1.012706398963928223e+00
1.005311846733093262e+00
9.995566010475158691e-01
9.993574619293212891e-01
1.008422732353210449e+00
9.904496073722839355e-01
9.943922758102416992e-01
9.871708750724792480e-01
9.904623627662658691e-01
9.833320975303649902e-01
9.996129870414733887e-01
9.898033738136291504e-01
9.971120357513427734e-01
1.009175539016723633e+00
9.934643507003784180e-01
9.845196008682250977e-01
9.868282079696655273e-01
9.887880086898803711e-01
1.018650531768798828e+00
9.933376312255859375e-01
1.001742482185363770e+00
1.008611798286437988e+00
9.957690834999084473e-01
1.012302637100219727e+00
1.012699484825134277e+00
9.908206462860107422e-01
1.002690076828002930e+00
9.957991242408752441e-01
1.014267206192016602e+00
1.008734941482543945e+00
1.004392266273498535e+00
9.802687764167785645e-01
1.001851797103881836e+00
1.000522851943969727e+00
1.013223171234130859e+00
9.951813220977783203e-01
9.957028031349182129e-01
9.997958540916442871e-01
9.985579848289489746e-01
9.988004565238952637e-01
9.849743247032165527e-01
9.895092248916625977e-01
9.995703697204589844e-01
1.001578211784362793e+00
9.890819191932678223e-01
9.987761378288269043e-01
9.977314472198486328e-01
1.011384725570678711e+00
9.795145392417907715e-01
9.907477498054504395e-01
9.954164624214172363e-01
9.953840374946594238e-01
9.994534254074096680e-01
9.858686327934265137e-01
9.927421808242797852e-01
1.005000114440917969e+00
1.024350881576538086e+00
1.001430034637451172e+00
9.952593445777893066e-01
1.016082406044006348e+00
9.937166571617126465e-01
9.868394136428833008e-01
9.896367192268371582e-01
9.918492436408996582e-01
9.963704347610473633e-01
1.006817698478698730e+00
1.007769346237182617e+00
9.998778104782104492e-01
9.959893226623535156e-01
9.987320303916931152e-01
9.820764660835266113e-01
1.006164550781250000e+00
9.928220510482788086e-01
9.838914871215820312e-01
9.902744889259338379e-01
1.017473816871643066e+00
1.010021328926086426e+00
1.001992344856262207e+00
9.968087673187255859e-01
1.014882326126098633e+00
9.971266984939575195e-01
9.917507171630859375e-01
1.000792026519775391e+00
9.981071949005126953e-01
9.961616992950439453e-01
1.005497455596923828e+00
1.010913372039794922e+00
9.955903291702270508e-01
1.003623843193054199e+00
9.977943897247314453e-01
1.019747495651245117e+00
1.012366294860839844e+00
1.005845546722412109e+00
1.011489510536193848e+00
9.870281815528869629e-01
9.953532218933105469e-01
1.023515582084655762e+00
1.000474214553833008e+00
1.003438472747802734e+00
1.001435875892639160e+00
9.916206598281860352e-01
9.992049932479858398e-01
1.002716779708862305e+00
9.974586367607116699e-01
1.006037712097167969e+00
9.955962300300598145e-01
9.951508641242980957e-01
9.831404089927673340e-01
9.947878718376159668e-01
1.000490307807922363e+00
9.938158392906188965e-01
9.907712936401367188e-01
1.010297775268554688e+00
9.861012101173400879e-01
9.831058382987976074e-01
9.941929578781127930e-01
1.006550312042236328e+00
9.995324611663818359e-01
9.939131736755371094e-01
9.842484593391418457e-01
9.955851435661315918e-01
9.943032264709472656e-01
1.005221128463745117e+00
9.929555654525756836e-01
1.004737138748168945e+00
9.847812652587890625e-01
9.873738884925842285e-01
1.007360816001892090e+00
9.860144257545471191e-01
9.813114404678344727e-01
9.913523793220520020e-01
1.011962890625000000e+00
9.992820620536804199e-01
1.006518363952636719e+00
1.015058875083923340e+00
1.003926634788513184e+00
9.885367751121520996e-01
1.004665732383728027e+00
1.000573873519897461e+00
9.968274831771850586e-01
1.008870601654052734e+00
9.872475266456604004e-01
9.929694533348083496e-01
1.004209160804748535e+00
9.923057556152343750e-01
1.006245732307434082e+00
9.907151460647583008e-01
9.960189461708068848e-01
1.008273720741271973e+00
9.995431303977966309e-01
1.026706933975219727e+00
1.023172497749328613e+00
9.856341481208801270e-01
9.813987612724304199e-01
9.947353005409240723e-01
9.950384497642517090e-01
1.011260271072387695e+00
9.911108016967773438e-01
1.018682479858398438e+00
1.006958961486816406e+00
9.951673746109008789e-01
9.916422367095947266e-01
1.005082011222839355e+00
1.026127696037292480e+00
1.006971597671508789e+00
9.883173704147338867e-01
1.000131607055664062e+00
9.921368956565856934e-01
9.922458529472351074e-01
1.006281971931457520e+00
9.916161298751831055e-01
9.934930205345153809e-01
9.948965311050415039e-01
1.008332967758178711e+00
9.949288368225097656e-01
9.973498582839965820e-01
9.952033162117004395e-01
1.013550281524658203e+00
9.933316111564636230e-01
1.008127450942993164e+00
1.000404953956604004e+00
9.989170432090759277e-01
9.787077307701110840e-01
1.007103204727172852e+00
9.976608753204345703e-01
9.831097722053527832e-01
9.859183430671691895e-01
9.923027157783508301e-01
1.017482638359069824e+00
1.004663586616516113e+00
1.012705326080322266e+00
9.930864572525024414e-01
9.793058633804321289e-01
1.003217816352844238e+00
9.953037500381469727e-01
1.020240783691406250e+00
1.033939361572265625e+00
9.999884366989135742e-01
9.924641251564025879e-01
1.003509402275085449e+00
9.912419319152832031e-01
9.926873445510864258e-01
1.009777426719665527e+00
9.883996248245239258e-01
1.001677989959716797e+00
9.946653842926025391e-01
9.994728565216064453e-01
1.001067757606506348e+00
1.002146959304809570e+00
9.885358810424804688e-01
9.983498454093933105e-01
1.004992246627807617e+00
1.011998057365417480e+00
1.005075216293334961e+00
1.010558724403381348e+00
9.961261749267578125e-01
1.010620713233947754e+00
1.001332044601440430e+00
9.866658449172973633e-01
1.017139315605163574e+00
9.879145622253417969e-01
1.002367377281188965e+00
1.014526963233947754e+00
1.000359177589416504e+00
1.008826732635498047e+00
9.902004599571228027e-01
9.967446923255920410e-01
9.957112669944763184e-01
1.001944422721862793e+00
9.874400496482849121e-01
1.001589894294738770e+00
9.999636411666870117e-01
1.008019924163818359e+00
9.892631769180297852e-01
9.875054359436035156e-01
9.829159975051879883e-01
9.830906987190246582e-01
1.012537240982055664e+00
9.983820319175720215e-01
1.022750020027160645e+00
9.916929602622985840e-01
9.969801902770996094e-01
1.007126450538635254e+00
1.004821181297302246e+00
1.001550078392028809e+00
9.880002737045288086e-01
1.011104106903076172e+00
