-1.698108762502670288e-02
6.153395865112543106e-03
-5.391167476773262024e-03
7.112189661711454391e-03
1.660656998865306377e-03
-3.920114599168300629e-03
-1.338959322310984135e-03
-5.751609336584806442e-03
7.463967893272638321e-03
4.805350676178932190e-03
9.313124231994152069e-03
-1.189493201673030853e-02
-7.555844727903604507e-03
-8.178084390237927437e-04
-1.151532214134931564e-02
-8.383798412978649139e-04
-9.967166930437088013e-03
-1.412266865372657776e-02
-1.332599390298128128e-02
-4.291844088584184647e-03
-1.138537749648094177e-02
3.751128679141402245e-03
-4.304479807615280151e-03
-1.140702608972787857e-02
-1.278852391988039017e-02
-1.358237955719232559e-02
-2.091588638722896576e-02
8.366835303604602814e-03
-1.373654510825872421e-02
-1.108697243034839630e-02
-1.372214639559388161e-03
-1.024291291832923889e-02
4.654943477362394333e-03
-3.293740795925259590e-03
-3.778016893193125725e-03
-1.614565216004848480e-02
-1.950523070991039276e-02
2.546263393014669418e-03
-5.279627162963151932e-03
-9.978424757719039917e-03
-1.533599756658077240e-02
-5.668879952281713486e-03
-3.608468221500515938e-03
1.012592483311891556e-02
-8.781529031693935394e-03
2.225742908194661140e-03
-1.561724394559860229e-02
-4.049356561154127121e-03
-1.081483438611030579e-02
-1.449452806264162064e-02
-1.709528453648090363e-02
-7.882329635322093964e-03
-4.807473160326480865e-03
-1.540397852659225464e-02
-1.713762432336807251e-02
-3.186110698152333498e-04
4.812160041183233261e-03
-1.673075370490550995e-02
-6.118982098996639252e-03
-7.455869112163782120e-03
-1.075744628906250000e-03
-5.849814508110284805e-03
-1.544208172708749771e-02
-1.703140698373317719e-02
-1.152217388153076172e-02
5.528010427951812744e-03
-1.202232204377651215e-02
-8.922957815229892731e-03
-2.694974653422832489e-03
-9.188358671963214874e-03
-1.155001949518918991e-02
-8.226416073739528656e-03
-1.362900622189044952e-02
-8.169930428266525269e-03
1.013145502656698227e-02
-2.681478159502148628e-03
-4.962305538356304169e-03
-6.468749139457941055e-03
-9.528902359306812286e-03
-1.627599634230136871e-02
2.774492604658007622e-03
-1.105392444878816605e-02
-1.518060732632875443e-02
-1.292171515524387360e-02
-3.103189636021852493e-03
-4.608510993421077728e-03
-4.540323861874639988e-04
1.339593203738331795e-03
-1.055502914823591709e-03
-8.553573861718177795e-03
-1.532760076224803925e-02
-6.478849798440933228e-03
-1.565510756336152554e-03
-1.613476127386093140e-02
4.948168061673641205e-03
1.060960814356803894e-03
-2.718385774642229080e-03
-8.435574709437787533e-04
-6.102238548919558525e-04
4.138610092923045158e-04
1.145596965216100216e-03
8.467755280435085297e-03
-3.333106869831681252e-03
-1.279998105019330978e-02
-1.142099872231483459e-02
6.787195801734924316e-03
-1.020445115864276886e-02
-1.050668489187955856e-02
-1.377121638506650925e-02
-3.007708815857768059e-03
-8.325486443936824799e-03
-1.127297338098287582e-02
-1.808649115264415741e-02
-6.173228845000267029e-03
-6.053986493498086929e-03
-1.140453480184078217e-02
-1.503131724894046783e-02
-2.495012711733579636e-03
-6.693962495774030685e-03
-9.140503592789173126e-03
-7.215297780930995941e-03
1.776518300175666809e-03
-1.083094161003828049e-02
-1.942116580903530121e-02
4.454105626791715622e-03
-1.806773128919303417e-03
-1.865089521743357182e-03
-5.930607207119464874e-03
-1.779419556260108948e-02
-1.457770355045795441e-02
-8.925918489694595337e-03
2.110822359099984169e-03
-1.490380964241921902e-03
4.730110056698322296e-03
-1.215688046067953110e-02
-7.438443601131439209e-03
-9.833524934947490692e-03
-1.782423630356788635e-02
-1.170153543353080750e-02
-5.464021116495132446e-03
7.704740855842828751e-03
-4.407017491757869720e-03
9.519363753497600555e-03
-4.607245791703462601e-03
-2.007417147979140282e-03
-1.382653508335351944e-02
-1.277590868994593620e-03
-1.435371674597263336e-02
-5.932737141847610474e-03
-9.541672654449939728e-03
-1.806585118174552917e-02
-1.169741526246070862e-02
-1.258525624871253967e-02
-8.835197426378726959e-03
-1.164529472589492798e-02
-9.504506364464759827e-03
-8.022522553801536560e-03
4.027327988296747208e-03
-1.248355582356452942e-02
2.569830976426601410e-02
-3.973189450334757566e-04
-1.300269365310668945e-02
-1.536816731095314026e-02
5.227017682045698166e-04
-6.389540154486894608e-03
-6.510091479867696762e-03
-8.221752941608428955e-03
3.258399898186326027e-03
1.664191659074276686e-04
-1.356204319745302200e-02
-1.368323247879743576e-02
-1.077944040298461914e-02
1.880697906017303467e-02
-5.205808673053979874e-03
-1.987998373806476593e-02
-8.401182130910456181e-04
-4.613040015101432800e-03
-1.244618836790323257e-02
1.056611537933349609e-02
-1.302516274154186249e-02
-1.070960611104965210e-02
-5.676945671439170837e-03
-1.164563000202178955e-02
-3.523057326674461365e-03
-1.824854314327239990e-02
-8.054760284721851349e-03
-3.718330059200525284e-03
-9.330147877335548401e-03
-4.225641954690217972e-03
-8.789676241576671600e-03
-3.797698067501187325e-03
-1.910218223929405212e-02
6.825143937021493912e-03
-5.567241925746202469e-03
-1.777441985905170441e-02
-1.618007384240627289e-02
-1.586863957345485687e-02
5.160984117537736893e-03
-2.688198816031217575e-03
1.451650913804769516e-02
-1.232749596238136292e-02
-1.206892449408769608e-02
2.680805977433919907e-03
-1.284449268132448196e-02
-2.870545489713549614e-03
2.101176418364048004e-02
-1.328714191913604736e-02
-1.164823118597269058e-02
-1.539346948266029358e-02
-1.242207176983356476e-02
-1.604076102375984192e-02
-4.844588693231344223e-03
-1.153056509792804718e-02
-1.765826717019081116e-02
-1.175242941826581955e-02
3.390376921743154526e-03
-2.517326502129435539e-03
3.303417470306158066e-03
-2.136748656630516052e-02
-7.692099083214998245e-03
3.217846387997269630e-04
-8.928587660193443298e-03
-1.148288836702704430e-03
7.645949255675077438e-03
-2.138402778655290604e-03
7.470309268683195114e-03
-9.161601774394512177e-03
-1.433649659156799316e-02
6.066185422241687775e-03
-1.385747827589511871e-02
6.987577769905328751e-03
-1.829164451919496059e-03
-4.008436575531959534e-03
8.121010847389698029e-03
-8.016550913453102112e-03
-7.446290925145149231e-03
-4.719070624560117722e-03
1.716088037937879562e-03
-1.733768358826637268e-02
-1.636044867336750031e-02
-1.068815123289823532e-02
-1.697693835012614727e-03
-1.231406256556510925e-02
-1.282741595059633255e-02
-1.499513722956180573e-02
-1.902379095554351807e-02
-4.404261242598295212e-03
-8.198660798370838165e-03
8.117944933474063873e-03
-1.294152718037366867e-02
-1.048499811440706253e-02
-1.116184610873460770e-02
-9.038885124027729034e-03
-5.958996713161468506e-03
-1.841128431260585785e-02
-5.880433600395917892e-04
