-2.671727538108825684e-01
4.350474476814270020e-01
2.492659091949462891e-01
9.170118719339370728e-02
2.703134417533874512e-01
-6.086904904805123806e-04
-3.266478180885314941e-01
1.393104344606399536e-01
2.266051769256591797e-01
-2.292007505893707275e-01
-3.498657643795013428e-01
4.855423867702484131e-01
9.331371635198593140e-03
3.815535902976989746e-01
-1.760077774524688721e-01
-2.215007990598678589e-01
8.880461454391479492e-01
-2.596618235111236572e-01
1.826801337301731110e-02
1.440595835447311401e-01
-1.235657706856727600e-01
-2.717659473419189453e-01
1.922319084405899048e-01
2.310936599969863892e-01
-3.305274248123168945e-01
1.790864169597625732e-01
1.495284736156463623e-01
2.034861296415328979e-01
4.381808042526245117e-01
4.146104454994201660e-01
-8.919453024864196777e-01
3.659218177199363708e-02
-1.031481847167015076e-01
2.787644863128662109e-01
-8.100678771734237671e-02
5.042278766632080078e-02
-1.469969898462295532e-01
2.346451394259929657e-02
-5.607484281063079834e-02
-6.043997779488563538e-02
-3.402348756790161133e-01
-1.226695999503135681e-01
2.545710653066635132e-02
1.920832842588424683e-01
-1.812845617532730103e-01
-2.167520076036453247e-01
2.643410563468933105e-01
3.275292366743087769e-02
1.125012710690498352e-01
-2.235942035913467407e-01
-5.103185772895812988e-02
2.046123519539833069e-02
-2.104150950908660889e-01
-2.288306951522827148e-01
1.296137124300003052e-01
2.035093605518341064e-01
4.651621729135513306e-02
-4.546347856521606445e-01
4.921632409095764160e-01
1.495770663022994995e-01
-4.276611506938934326e-01
-3.023320734500885010e-01
-6.146847009658813477e-01
3.408611416816711426e-01
3.246156275272369385e-01
-5.343396067619323730e-01
-1.643072068691253662e-01
7.205381244421005249e-02
-5.293446779251098633e-01
-1.736345142126083374e-01
-4.453327134251594543e-02
-3.778296113014221191e-01
-1.282240152359008789e-01
4.252048581838607788e-02
-1.017015893012285233e-02
-1.078884452581405640e-01
-1.704328656196594238e-01
4.641882777214050293e-01
2.200409471988677979e-01
5.570789054036140442e-02
-2.080264687538146973e-01
-1.220085769891738892e-01
-5.249842405319213867e-01
1.352196037769317627e-01
-6.055678799748420715e-02
9.810977615416049957e-03
4.882561042904853821e-03
3.935185074806213379e-02
-9.057338535785675049e-02
-2.631109356880187988e-01
-1.039950698614120483e-01
-2.990908324718475342e-01
1.055271103978157043e-01
-5.736288800835609436e-02
-3.589784726500511169e-02
-3.782435506582260132e-02
-2.449093163013458252e-01
-3.921855986118316650e-01
1.242698803544044495e-01
-9.255681931972503662e-02
3.017009198665618896e-01
-7.944323867559432983e-02
6.152587383985519409e-02
3.397463262081146240e-01
-1.118356510996818542e-01
-1.878259629011154175e-01
1.520353555679321289e-02
-1.768425405025482178e-01
-4.554322361946105957e-02
-2.883701920509338379e-01
3.118289411067962646e-01
1.154202371835708618e-01
-1.387185007333755493e-01
3.738982602953910828e-02
8.092834800481796265e-02
-8.312825812026858330e-04
-1.343686133623123169e-01
-3.275870084762573242e-01
-1.020164322108030319e-02
-3.387780189514160156e-01
1.213605031371116638e-01
-7.448115944862365723e-02
-3.565265834331512451e-01
-2.052733749151229858e-01
2.012673467397689819e-01
2.299860417842864990e-01
3.027418814599514008e-02
-3.196390867233276367e-01
1.034133210778236389e-01
2.410618215799331665e-01
-4.459589719772338867e-01
6.228471174836158752e-03
-3.840696215629577637e-01
7.163321971893310547e-02
-3.069688081741333008e-01
4.739257320761680603e-02
-2.675585150718688965e-01
1.157683506608009338e-01
1.202042959630489349e-02
-3.642475008964538574e-01
-1.315098404884338379e-01
1.546793580055236816e-01
2.115645259618759155e-02
-8.380000293254852295e-02
-2.615272402763366699e-01
-1.315768808126449585e-01
7.222740352153778076e-02
-7.314576953649520874e-02
2.236863076686859131e-01
1.192185934633016586e-02
-2.317778617143630981e-01
-5.276982188224792480e-01
1.465302705764770508e-01
-4.101685285568237305e-01
-2.413847595453262329e-01
-2.343987673521041870e-01
-3.426192998886108398e-01
-4.180398881435394287e-01
-5.524196848273277283e-02
-5.703086033463478088e-02
-5.810418725013732910e-01
-1.345402896404266357e-01
-2.375762164592742920e-01
1.780376881361007690e-01
6.440599262714385986e-02
-3.802602589130401611e-01
-5.893090739846229553e-02
-3.588114976882934570e-01
1.166967824101448059e-01
-3.304488658905029297e-01
-6.898258626461029053e-02
-3.533119102939963341e-03
-4.022534936666488647e-02
-1.680213510990142822e-01
-2.310564965009689331e-01
-1.835349351167678833e-01
-6.209434568881988525e-02
1.862423121929168701e-01
-5.026084780693054199e-01
6.478593349456787109e-01
3.815926611423492432e-01
-1.663858145475387573e-01
-3.816967085003852844e-02
2.260164469480514526e-01
5.430684089660644531e-01
1.918008551001548767e-02
-2.075355350971221924e-01
-1.649391502141952515e-01
3.283092379570007324e-01
2.888098359107971191e-01
-1.444726251065731049e-02
-3.064326047897338867e-01
-1.904795914888381958e-01
-1.025087479501962662e-02
-5.690677762031555176e-01
9.224354475736618042e-02
3.443638235330581665e-02
-4.328804016113281250e-01
-3.158941268920898438e-01
-4.082781672477722168e-01
5.698170885443687439e-02
9.420891851186752319e-02
-3.713833689689636230e-01
-1.298067420721054077e-01
-3.143464624881744385e-01
1.145608425140380859e-01
-7.040272653102874756e-02
-2.708938121795654297e-01
1.946622878313064575e-01
-3.419263362884521484e-01
-5.780038833618164062e-01
4.233223572373390198e-02
9.531903779134154320e-04
8.874551206827163696e-02
1.101610586047172546e-01
-5.033354759216308594e-01
-5.319061875343322754e-01
-1.901436448097229004e-01
3.162590563297271729e-01
-9.567910432815551758e-02
-1.458692848682403564e-01
-2.269541472196578979e-01
-2.532567381858825684e-01
3.534786030650138855e-02
-3.409913778305053711e-01
3.553968071937561035e-01
-1.079269722104072571e-01
-9.908847510814666748e-02
-9.467994421720504761e-02
2.335804849863052368e-01
-1.251024454832077026e-01
8.090208470821380615e-02
-1.117496266961097717e-01
-1.308318227529525757e-01
-2.295091301202774048e-01
2.518015168607234955e-02
-4.047521650791168213e-01
5.305962264537811279e-02
3.036139160394668579e-02
-2.607886493206024170e-01
5.729283764958381653e-02
3.689904808998107910e-01
1.114118322730064392e-01
-1.377956718206405640e-01
5.408732965588569641e-02
1.684250384569168091e-01
-3.116823434829711914e-01
-3.723509144037961960e-03
-2.754572629928588867e-01
2.259066700935363770e-01
-5.203931927680969238e-01
-3.441147208213806152e-01
-4.972852766513824463e-03
-2.773750722408294678e-01
-4.941222444176673889e-02
-2.887817025184631348e-01
