1.306684166193008423e-01
-1.966890133917331696e-02
-1.907078921794891357e-01
-3.651138544082641602e-01
-1.178402155637741089e-01
-1.081730946898460388e-01
-1.128394976258277893e-01
8.485525101423263550e-02
-4.114632904529571533e-01
-2.677143216133117676e-01
-1.986234337091445923e-01
-5.043061971664428711e-01
5.837326049804687500e-01
4.920191764831542969e-01
1.429850161075592041e-01
-6.556338667869567871e-01
-4.921530187129974365e-02
-2.018077820539474487e-01
-7.727462798357009888e-02
-8.638540655374526978e-02
-2.896706163883209229e-01
1.044781655073165894e-01
-6.063548326492309570e-01
1.136754676699638367e-01
2.735456228256225586e-01
-4.713678658008575439e-01
-1.089143529534339905e-01
-9.584902971982955933e-02
-4.504371285438537598e-01
-4.636009037494659424e-01
-3.287702426314353943e-02
-1.577127575874328613e-01
-1.879125535488128662e-01
-3.086214959621429443e-01
-2.078066170215606689e-01
-7.606874108314514160e-01
-5.336262583732604980e-01
-4.005832970142364502e-01
-5.009407401084899902e-01
-4.114899635314941406e-01
-3.920251727104187012e-01
4.612300544977188110e-02
-1.985134184360504150e-01
-1.178404390811920166e-01
1.411613915115594864e-02
-6.372500658035278320e-01
1.179340258240699768e-01
8.437423035502433777e-03
-5.544958114624023438e-01
-1.879486292600631714e-01
-5.803627967834472656e-01
3.684880211949348450e-02
-2.213880233466625214e-02
-3.854025527834892273e-02
-6.631385087966918945e-01
-5.050346851348876953e-01
1.620950698852539062e-01
-1.971905976533889771e-01
-2.746875286102294922e-01
-1.810164563357830048e-02
-1.927759796380996704e-01
-2.619224190711975098e-01
-9.196899086236953735e-02
7.290840148925781250e-02
-1.322354972362518311e-01
2.160666882991790771e-01
1.379738450050354004e-01
-3.904617726802825928e-01
9.307704120874404907e-02
-2.534420490264892578e-01
8.073680102825164795e-02
-4.487127065658569336e-01
-4.177861809730529785e-01
-2.485440373420715332e-01
-8.459649980068206787e-02
7.493574172258377075e-03
-1.719773709774017334e-01
-2.173902392387390137e-01
-1.161836087703704834e-02
-4.755715727806091309e-01
-2.753488421440124512e-01
-6.720424890518188477e-01
-3.041935861110687256e-01
3.505299687385559082e-01
-2.227100431919097900e-01
-4.031332135200500488e-01
9.919276088476181030e-02
2.402090430259704590e-01
-2.471992522478103638e-01
-4.418403804302215576e-01
-5.347219109535217285e-01
-3.160338997840881348e-01
-2.721953392028808594e-01
-3.952163755893707275e-01
-5.437995791435241699e-01
-1.263839751482009888e-01
-3.755367696285247803e-01
-2.115241289138793945e-01
-7.673577666282653809e-01
-1.484375000000000000e-01
-8.054840564727783203e-01
-1.387591361999511719e-01
-3.572501242160797119e-01
-2.566988170146942139e-01
-2.819871008396148682e-01
-4.086837470531463623e-01
-4.723427295684814453e-01
-1.859199069440364838e-02
-1.590437442064285278e-01
-2.984172403812408447e-01
-4.831282794475555420e-01
-4.530641809105873108e-02
-3.050224483013153076e-01
1.552665978670120239e-01
-1.626239717006683350e-01
2.268025577068328857e-01
8.860146254301071167e-02
-5.796172469854354858e-02
-9.023555368185043335e-02
-3.295007646083831787e-01
-2.068773657083511353e-01
-3.871193826198577881e-01
-8.460476994514465332e-02
-2.442240118980407715e-01
-2.100438773632049561e-01
-3.675323724746704102e-01
-1.952481418848037720e-01
7.966680824756622314e-02
