1.007621083408594131e-02
1.107981707900762558e-02
-1.889487542212009430e-02
8.722389116883277893e-03
7.982615497894585133e-04
-1.238248776644468307e-02
-1.162779796868562698e-02
-1.877840049564838409e-02
-1.366091240197420120e-02
2.375386469066143036e-02
-8.866509422659873962e-03
-1.774797402322292328e-02
2.152953529730439186e-03
-1.492869481444358826e-02
4.074206948280334473e-02
-1.428841520100831985e-02
1.277638250030577183e-03
-8.538776077330112457e-03
-9.588366374373435974e-03
2.277942560613155365e-02
-4.353235941380262375e-03
1.495539676398038864e-02
-2.273888699710369110e-02
2.164326421916484833e-02
-1.164500322192907333e-02
-4.467544611543416977e-03
4.821718670427799225e-03
2.447693049907684326e-02
2.996626310050487518e-02
2.707552723586559296e-02
-2.178243733942508698e-02
3.473706543445587158e-03
-1.802400313317775726e-02
-1.485195104032754898e-02
-2.295108698308467865e-02
1.658704597502946854e-03
1.913939602673053741e-02
9.208973497152328491e-03
2.528378926217556000e-02
-3.138928487896919250e-02
-6.505825556814670563e-03
4.942721221596002579e-03
-1.526756823295727372e-04
-3.091799328103661537e-03
-2.349005825817584991e-02
-1.435054466128349304e-02
8.056377992033958435e-03
7.315598428249359131e-03
2.216540649533271790e-02
2.582330629229545593e-02
1.265869196504354477e-02
1.508170738816261292e-02
7.679782574996352196e-04
2.586982771754264832e-02
-4.530400503426790237e-03
1.905540935695171356e-03
2.047591842710971832e-03
6.373305805027484894e-03
-5.134525708854198456e-03
1.458333898335695267e-02
1.154934428632259369e-02
-2.123754937201738358e-03
-1.449665706604719162e-02
1.133348606526851654e-02
5.394431296736001968e-03
-1.041390094906091690e-02
-1.352480519562959671e-02
1.089234370738267899e-02
2.312356792390346527e-02
-3.264522878453135490e-03
-1.019361335784196854e-02
-3.750228788703680038e-03
9.387782774865627289e-03
-2.349648997187614441e-02
-8.994150906801223755e-03
-1.128981821238994598e-02
1.390655059367418289e-02
7.480060681700706482e-03
-4.076540842652320862e-02
1.267507206648588181e-03
-6.393802817910909653e-03
-7.420580834150314331e-03
8.463117992505431175e-04
1.838943921029567719e-02
4.935727454721927643e-03
-7.392860949039459229e-03
-8.149425499141216278e-03
-2.021241374313831329e-02
-1.038765441626310349e-02
1.767486217431724072e-03
-2.439121343195438385e-02
3.142947796732187271e-03
2.211239188909530640e-02
-3.856173250824213028e-03
1.733653992414474487e-02
1.111044362187385559e-02
1.265435852110385895e-02
-1.004400849342346191e-02
4.231513012200593948e-03
-6.514203269034624100e-03
3.956035152077674866e-02
-4.472005646675825119e-03
1.543554011732339859e-02
-9.638742194510996342e-04
-1.807212270796298981e-02
8.370713330805301666e-03
-1.431857794523239136e-02
1.555562391877174377e-02
1.341237127780914307e-02
6.905728019773960114e-03
8.917902596294879913e-04
3.224568907171487808e-03
-7.041909266263246536e-03
2.871205098927021027e-03
2.169419545680284500e-03
-5.696960259228944778e-03
-3.881014126818627119e-04
-8.736000396311283112e-03
-1.167127862572669983e-02
1.028632686939090490e-04
2.392427623271942139e-02
-2.683888003230094910e-02
-2.554155699908733368e-02
4.221271350979804993e-02
1.493680849671363831e-02
4.899876192212104797e-03
1.993756368756294250e-02
1.088066119700670242e-02
