4.762328565120697021e-01
2.896750271320343018e-01
4.015629291534423828e-01
3.930097818374633789e-01
3.965035676956176758e-01
2.844360768795013428e-01
2.488087862730026245e-01
2.850798070430755615e-01
3.373934924602508545e-01
4.764852821826934814e-01
3.422796428203582764e-01
2.816998660564422607e-01
4.202013909816741943e-01
3.254453539848327637e-01
5.823894143104553223e-01
3.000826537609100342e-01
2.641304433345794678e-01
3.606615960597991943e-01
3.121988177299499512e-01
4.049345850944519043e-01
3.378348350524902344e-01
4.219140410423278809e-01
3.347389698028564453e-01
4.245229065418243408e-01
3.140367865562438965e-01
2.692170143127441406e-01
4.043439328670501709e-01
4.148069322109222412e-01
4.000649750232696533e-01
4.514688551425933838e-01
2.370826303958892822e-01
3.592564165592193604e-01
2.601088881492614746e-01
3.775730431079864502e-01
3.425650894641876221e-01
3.033504188060760498e-01
5.635573267936706543e-01
5.409956574440002441e-01
4.780213236808776855e-01
3.522627949714660645e-01
2.996109724044799805e-01
2.781949937343597412e-01
3.605923652648925781e-01
3.767291307449340820e-01
2.151609808206558228e-01
4.383890628814697266e-01
2.936877906322479248e-01
3.793499767780303955e-01
3.643693625926971436e-01
4.525364637374877930e-01
4.325265288352966309e-01
3.067581355571746826e-01
3.633421957492828369e-01
4.195998907089233398e-01
3.494670093059539795e-01
3.200383782386779785e-01
3.748504817485809326e-01
3.109835982322692871e-01
2.047175467014312744e-01
3.862481117248535156e-01
4.029209315776824951e-01
3.791598379611968994e-01
3.116029500961303711e-01
4.499607384204864502e-01
4.197713434696197510e-01
2.351338714361190796e-01
3.275485038757324219e-01
3.990006744861602783e-01
5.945206880569458008e-01
3.869510889053344727e-01
2.332698404788970947e-01
2.790904641151428223e-01
4.777406454086303711e-01
2.221678793430328369e-01
3.623070716857910156e-01
3.721267879009246826e-01
2.832511365413665771e-01
4.402605295181274414e-01
2.104329913854598999e-01
3.122152984142303467e-01
2.672789096832275391e-01
3.426279723644256592e-01
3.390602469444274902e-01
3.901638686656951904e-01
3.295563757419586182e-01
2.856456935405731201e-01
3.436335325241088867e-01
2.349024116992950439e-01
3.588364124298095703e-01
5.191200971603393555e-01
3.705208301544189453e-01
2.998678982257843018e-01
4.289509654045104980e-01
5.204160213470458984e-01
3.437755405902862549e-01
4.973926842212677002e-01
3.803935348987579346e-01
3.508784174919128418e-01
3.854925334453582764e-01
2.944777905941009521e-01
3.778759539127349854e-01
2.566212713718414307e-01
4.352945387363433838e-01
3.373322188854217529e-01
2.489162832498550415e-01
4.260452687740325928e-01
3.333160579204559326e-01
5.228556394577026367e-01
3.634332418441772461e-01
3.830495774745941162e-01
3.170944750308990479e-01
4.753223955631256104e-01
4.677784144878387451e-01
3.563459515571594238e-01
4.858191907405853271e-01
2.775704860687255859e-01
4.030163884162902832e-01
3.298072814941406250e-01
2.981225550174713135e-01
3.030843436717987061e-01
4.067033529281616211e-01
2.298943996429443359e-01
3.013216257095336914e-01
5.190308690071105957e-01
3.361518979072570801e-01
5.091338157653808594e-01
3.590494990348815918e-01
4.010788798332214355e-01
