1.030324459075927734e+00
9.876059889793395996e-01
9.841540455818176270e-01
9.957509040832519531e-01
9.992815852165222168e-01
9.785992503166198730e-01
9.846431016921997070e-01
9.657186269760131836e-01
9.814478158950805664e-01
1.014532804489135742e+00
1.014215469360351562e+00
9.992429614067077637e-01
1.003934264183044434e+00
9.708666205406188965e-01
1.032180547714233398e+00
9.835870265960693359e-01
9.772586226463317871e-01
9.914974570274353027e-01
9.795324206352233887e-01
1.012981295585632324e+00
9.792892336845397949e-01
1.016855716705322266e+00
9.699516296386718750e-01
1.032183170318603516e+00
9.860070943832397461e-01
1.012183666229248047e+00
1.018393039703369141e+00
1.008467316627502441e+00
1.028660297393798828e+00
1.024904489517211914e+00
9.669243693351745605e-01
9.995442032814025879e-01
9.707843661308288574e-01
9.580009579658508301e-01
9.819979667663574219e-01
9.997630119323730469e-01
1.043651580810546875e+00
1.025581240653991699e+00
1.041521668434143066e+00
9.561352729797363281e-01
1.002827167510986328e+00
1.005812883377075195e+00
1.022703289985656738e+00
9.954297542572021484e-01
9.590820074081420898e-01
9.773386716842651367e-01
1.005274891853332520e+00
9.995637536048889160e-01
1.012771010398864746e+00
1.004242062568664551e+00
1.012979865074157715e+00
1.007465481758117676e+00
9.902824759483337402e-01
9.974297881126403809e-01
1.004092097282409668e+00
1.003235220909118652e+00
1.011268258094787598e+00
9.996407628059387207e-01
9.921900033950805664e-01
1.010656952857971191e+00
9.867457747459411621e-01
9.887174963951110840e-01
9.865221381187438965e-01
1.023170471191406250e+00
1.002691388130187988e+00
9.827182888984680176e-01
9.935183525085449219e-01
9.969503879547119141e-01
1.017844438552856445e+00
9.838564991950988770e-01
9.880349636077880859e-01
9.792397618293762207e-01
1.010648250579833984e+00
9.796984195709228516e-01
9.816693067550659180e-01
9.944782257080078125e-01
1.005485415458679199e+00
1.003231883049011230e+00
9.550507664680480957e-01
9.935122132301330566e-01
9.853069782257080078e-01
9.873614907264709473e-01
1.003618717193603516e+00
1.014916062355041504e+00
1.010019183158874512e+00
9.984594583511352539e-01
9.850156307220458984e-01
9.847615957260131836e-01
9.771021604537963867e-01
1.016331672668457031e+00
9.879906177520751953e-01
9.874151349067687988e-01
1.028566956520080566e+00
9.979096651077270508e-01
1.004237413406372070e+00
1.002740979194641113e+00
1.009946465492248535e+00
9.961395263671875000e-01
9.963949322700500488e-01
9.823696017265319824e-01
1.040315866470336914e+00
1.005670070648193359e+00
1.038776516914367676e+00
9.770768284797668457e-01
9.860695600509643555e-01
1.005388140678405762e+00
9.801735281944274902e-01
1.022790908813476562e+00
1.000565409660339355e+00
1.010906815528869629e+00
9.884464144706726074e-01
9.899012446403503418e-01
9.836272597312927246e-01
9.906026721000671387e-01
1.000576972961425781e+00
1.026425123214721680e+00
1.003216028213500977e+00
9.761599898338317871e-01
1.018647551536560059e+00
9.883129000663757324e-01
1.006124973297119141e+00
9.664582610130310059e-01
1.004332423210144043e+00
1.030003547668457031e+00
1.000439405441284180e+00
9.931416511535644531e-01
1.025547742843627930e+00
9.954575896263122559e-01
