1.075901746749877930e+00
1.098847746849060059e+00
1.094127535820007324e+00
1.096165537834167480e+00
1.093914866447448730e+00
1.093163728713989258e+00
1.080351591110229492e+00
1.088314056396484375e+00
1.068459033966064453e+00
1.099872112274169922e+00
1.097694158554077148e+00
1.090432167053222656e+00
1.079413890838623047e+00
1.086980581283569336e+00
1.102867007255554199e+00
1.083152413368225098e+00
1.088169574737548828e+00
1.079246997833251953e+00
1.091436028480529785e+00
1.096127867698669434e+00
1.085991621017456055e+00
1.096884608268737793e+00
1.087693452835083008e+00
1.085121631622314453e+00
1.082773685455322266e+00
1.080800175666809082e+00
1.099498629570007324e+00
1.091003894805908203e+00
1.093691706657409668e+00
1.093869447708129883e+00
1.099402070045471191e+00
1.092708230018615723e+00
1.094620347023010254e+00
1.098331570625305176e+00
1.085137963294982910e+00
1.095333933830261230e+00
1.078680515289306641e+00
1.084244132041931152e+00
1.088315248489379883e+00
1.078695058822631836e+00
1.075509428977966309e+00
1.094751238822937012e+00
1.065704107284545898e+00
1.093042612075805664e+00
1.104960799217224121e+00
1.088539600372314453e+00
1.094242215156555176e+00
1.098630309104919434e+00
1.077442884445190430e+00
1.075852036476135254e+00
1.092169284820556641e+00
1.083082079887390137e+00
1.091128945350646973e+00
1.082253456115722656e+00
1.082538962364196777e+00
1.089763522148132324e+00
1.087040066719055176e+00
1.087003946304321289e+00
1.079029679298400879e+00
1.090502500534057617e+00
1.080730319023132324e+00
1.088571429252624512e+00
1.073943734169006348e+00
1.084434390068054199e+00
