-4.357844591140747070e-01
1.048166379332542419e-01
-2.059588134288787842e-01
-1.755891367793083191e-02
-2.553313970565795898e-01
-3.353701233863830566e-01
4.672587811946868896e-01
-1.362656205892562866e-01
-2.879400551319122314e-01
-3.876703679561614990e-01
-1.188840195536613464e-01
-2.833200097084045410e-01
-2.617831714451313019e-02
5.441597476601600647e-02
-3.875388801097869873e-01
1.031706333160400391e-01
1.118047535419464111e-01
-1.279257331043481827e-02
-7.174154371023178101e-02
-4.069017171859741211e-01
2.121963500976562500e-01
-3.491865098476409912e-01
7.452134788036346436e-02
6.920064240694046021e-02
7.719580829143524170e-02
-6.519461423158645630e-02
-1.362839639186859131e-01
-7.685369253158569336e-02
-2.430078983306884766e-01
1.511823385953903198e-01
-8.507519960403442383e-02
1.316211521625518799e-01
-3.319595158100128174e-01
-4.410504698753356934e-01
3.498656675219535828e-02
-8.155894465744495392e-03
1.653337292373180389e-02
2.910686433315277100e-01
-2.306523621082305908e-01
1.018205955624580383e-01
-4.217911660671234131e-01
-2.221775203943252563e-01
1.361602544784545898e-01
-8.954062312841415405e-02
-1.123042777180671692e-01
-1.885596513748168945e-01
-1.363166570663452148e-01
-1.077390685677528381e-01
-6.869654357433319092e-02
1.871218979358673096e-01
-2.011480927467346191e-01
-7.079782336950302124e-02
1.831037104129791260e-01
4.037885665893554688e-01
3.963075876235961914e-01
-1.741972565650939941e-01
-1.635448075830936432e-02
-2.262853384017944336e-01
-1.969863623380661011e-01
-4.515647888183593750e-01
3.747965767979621887e-02
-2.027613520622253418e-01
-2.646830379962921143e-01
-1.570011824369430542e-01
