4.336182475090026855e-01
5.053938627243041992e-01
5.066116452217102051e-01
5.561228990554809570e-01
5.519485473632812500e-01
7.601903676986694336e-01
4.038176238536834717e-01
5.019918084144592285e-01
3.322808146476745605e-01
5.279595255851745605e-01
5.302309989929199219e-01
3.794091343879699707e-01
4.015935063362121582e-01
6.566430926322937012e-01
5.897167921066284180e-01
4.737299680709838867e-01
5.379868745803833008e-01
3.925198912620544434e-01
3.857433795928955078e-01
5.617077350616455078e-01
4.282336533069610596e-01
6.527396440505981445e-01
5.461893081665039062e-01
5.557104945182800293e-01
4.035292863845825195e-01
4.306583106517791748e-01
4.367618858814239502e-01
5.184630155563354492e-01
6.985293030738830566e-01
4.740022122859954834e-01
4.286162853240966797e-01
4.270682036876678467e-01
6.147773861885070801e-01
5.374119281768798828e-01
6.062311530113220215e-01
4.813369214534759521e-01
4.311251044273376465e-01
5.724495649337768555e-01
4.907744526863098145e-01
4.798502922058105469e-01
4.179224371910095215e-01
5.167223215103149414e-01
3.933756053447723389e-01
5.418916940689086914e-01
7.226358652114868164e-01
4.798343777656555176e-01
5.399765968322753906e-01
5.446473360061645508e-01
4.250107109546661377e-01
4.721078574657440186e-01
5.984900593757629395e-01
3.938674628734588623e-01
6.166277527809143066e-01
5.021405220031738281e-01
5.123456120491027832e-01
6.108911633491516113e-01
5.111369490623474121e-01
6.337229013442993164e-01
5.023429989814758301e-01
4.879840910434722900e-01
4.462872743606567383e-01
6.046562790870666504e-01
2.593705654144287109e-01
3.307401239871978760e-01
