5.529178306460380554e-02
7.013247162103652954e-02
7.580737769603729248e-02
8.692927658557891846e-02
7.508896291255950928e-02
8.319504559040069580e-02
7.933926582336425781e-02
7.271673530340194702e-02
6.050959974527359009e-02
7.558935135602951050e-02
8.864342421293258667e-02
6.249443069100379944e-02
6.175024807453155518e-02
7.677043229341506958e-02
8.338354527950286865e-02
6.094184145331382751e-02
7.193581759929656982e-02
4.364747926592826843e-02
7.065740972757339478e-02
7.476292550563812256e-02
7.426251471042633057e-02
7.803805172443389893e-02
7.056871801614761353e-02
5.211116001009941101e-02
7.558840513229370117e-02
5.412991717457771301e-02
9.432476758956909180e-02
7.377507537603378296e-02
7.338801026344299316e-02
7.420970499515533447e-02
9.049810469150543213e-02
8.183793723583221436e-02
8.637926727533340454e-02
8.507204055786132812e-02
6.813480705022811890e-02
9.114781022071838379e-02
5.476451292634010315e-02
6.160490214824676514e-02
6.757257133722305298e-02
6.751757115125656128e-02
3.454275801777839661e-02
8.403979986906051636e-02
3.485186025500297546e-02
8.676078170537948608e-02
9.141983091831207275e-02
7.424243539571762085e-02
8.307334035634994507e-02
8.444511145353317261e-02
5.429572612047195435e-02
5.508172512054443359e-02
7.586558163166046143e-02
6.886456161737442017e-02
6.723728030920028687e-02
6.480077654123306274e-02
6.338357180356979370e-02
7.991562038660049438e-02
6.355898082256317139e-02
5.148217827081680298e-02
5.304677411913871765e-02
6.747227162122726440e-02
6.230968981981277466e-02
8.318806439638137817e-02
5.850914120674133301e-02
6.372521817684173584e-02
