-1.425003260374069214e-01
1.414994001388549805e-01
-3.358081579208374023e-01
-1.121095120906829834e-01
-3.213557898998260498e-01
-5.629175305366516113e-01
-3.978016376495361328e-01
-1.417385041713714600e-01
-2.889321446418762207e-01
-4.635336697101593018e-01
2.405365854501724243e-01
-2.561102807521820068e-02
-3.224034905433654785e-01
-1.895024180412292480e-01
1.338461041450500488e-01
-4.125064015388488770e-01
-3.494180440902709961e-01
-1.045041605830192566e-01
-5.292798280715942383e-01
-8.182871341705322266e-02
2.201367728412151337e-02
-5.615658760070800781e-01
-4.005276560783386230e-01
-2.821611166000366211e-01
6.692325323820114136e-02
-2.478284388780593872e-01
-1.934778988361358643e-01
1.393578350543975830e-01
-2.190210372209548950e-01
-4.093909561634063721e-01
-2.207653671503067017e-01
-4.485930800437927246e-01
-4.288327991962432861e-01
-2.957373261451721191e-01
-1.861729323863983154e-01
-3.991690278053283691e-01
-4.307911098003387451e-01
-2.188852578401565552e-01
-4.405045509338378906e-01
8.126176893711090088e-02
-6.117622554302215576e-02
-2.686344683170318604e-01
-3.835574686527252197e-01
-4.944153875112533569e-02
-4.775533974170684814e-01
1.143818534910678864e-02
-2.932143211364746094e-01
-4.202654361724853516e-01
-4.433453381061553955e-01
-1.139576733112335205e-01
-3.531178832054138184e-01
-2.877504825592041016e-01
-4.358735084533691406e-01
-4.014940559864044189e-01
-5.758226513862609863e-01
-1.599201858043670654e-01
1.607844792306423187e-02
6.043323278427124023e-01
-4.499243199825286865e-01
-3.233093321323394775e-01
-6.140276789665222168e-01
-2.233331352472305298e-01
-5.887722373008728027e-01
-4.314706027507781982e-01
2.394368313252925873e-02
-2.210055589675903320e-01
-3.802473545074462891e-01
-3.082408607006072998e-01
-4.634953141212463379e-01
-3.689144253730773926e-01
-2.224834114313125610e-01
-2.963053286075592041e-01
-3.513106405735015869e-01
-6.163523346185684204e-02
1.085619479417800903e-01
-1.874226331710815430e-01
-5.458534359931945801e-01
-2.343505471944808960e-01
-7.500911951065063477e-01
-4.270421862602233887e-01
-4.941157102584838867e-01
3.510498404502868652e-01
-4.188173334114253521e-04
-3.291091024875640869e-01
-3.671432435512542725e-01
-3.452397882938385010e-01
-3.672412633895874023e-01
-2.658380270004272461e-01
-5.451458096504211426e-01
-3.324250131845474243e-02
2.036302238702774048e-01
-2.518018484115600586e-01
-3.615473508834838867e-01
-1.534898430109024048e-01
-2.906400263309478760e-01
-1.933635324239730835e-01
-5.890712738037109375e-01
-5.850907042622566223e-02
-1.052439361810684204e-01
-3.556050360202789307e-01
-6.633970141410827637e-01
-3.423569202423095703e-01
-5.570742487907409668e-02
-5.656735897064208984e-01
-3.088430166244506836e-01
-2.897066175937652588e-01
-4.613709449768066406e-01
-4.500560760498046875e-01
-3.649733960628509521e-01
-1.294922083616256714e-01
-6.702421233057975769e-03
-4.526197910308837891e-01
-3.397094011306762695e-01
-1.602342575788497925e-01
-4.738695025444030762e-01
-1.356798224151134491e-02
-3.818137943744659424e-01
-2.286828756332397461e-01
-4.223136603832244873e-01
-4.185355603694915771e-01
-3.789328932762145996e-01
-3.299446403980255127e-01
-1.386111229658126831e-01
-4.438414871692657471e-01
-3.773977458477020264e-01
3.057613074779510498e-01
-3.291394710540771484e-01
-5.281842872500419617e-02
