8.894628143310546875e+01
9.403486633300781250e+01
-4.527419128417968750e+02
2.510039901733398438e+01
4.787301635742187500e+01
-1.888458557128906250e+02
4.059627532958984375e+01
-1.726265411376953125e+02
-2.628328857421875000e+02
6.518148803710937500e+01
-5.501805877685546875e+01
5.482275772094726562e+01
1.023116226196289062e+02
5.411996841430664062e+01
9.846997833251953125e+01
7.901078033447265625e+01
-1.727313232421875000e+02
1.426405639648437500e+02
3.154246520996093750e+02
1.271329040527343750e+02
9.920170593261718750e+01
-1.144316406250000000e+02
-1.254491500854492188e+02
-3.569643783569335938e+01
-2.368585052490234375e+02
1.168102169036865234e+01
1.699214782714843750e+02
-2.792984924316406250e+02
3.672960281372070312e+01
2.314913787841796875e+02
7.152146148681640625e+01
-1.517089691162109375e+02
-8.708427429199218750e+00
-1.232399215698242188e+02
2.270793304443359375e+02
1.437798767089843750e+02
-1.536734008789062500e+02
2.138948211669921875e+02
8.893969535827636719e+00
-1.325044860839843750e+02
-8.387044677734375000e+02
1.063024826049804688e+02
1.201326980590820312e+02
-1.970410537719726562e+01
1.929113159179687500e+02
8.200379943847656250e+01
-8.889217376708984375e-01
1.230557479858398438e+02
8.298509216308593750e+01
7.219974517822265625e+01
-1.196542205810546875e+02
6.162349700927734375e+01
1.535074157714843750e+02
8.290647888183593750e+01
1.239279785156250000e+02
-1.314225769042968750e+02
3.054532775878906250e+02
6.542262573242187500e+02
4.074739990234375000e+02
1.008277893066406250e+01
-8.293471336364746094e+00
-2.115993347167968750e+02
-1.437590484619140625e+02
3.800808334350585938e+01
-2.493316040039062500e+02
5.041890335083007812e+01
-2.109944458007812500e+02
4.903959274291992188e+00
-1.725022430419921875e+02
2.350936737060546875e+02
2.147215270996093750e+01
-9.261995697021484375e+01
3.840151309967041016e+00
-3.991611480712890625e+01
2.040219726562500000e+02
1.453798065185546875e+02
7.286688804626464844e+00
6.220384979248046875e+01
1.111544189453125000e+02
-4.988890838623046875e+01
2.606757812500000000e+02
4.475753479003906250e+02
2.852999687194824219e+00
1.760252685546875000e+02
3.042869262695312500e+02
-1.079208564758300781e+01
1.214216613769531250e+02
3.502167053222656250e+02
2.096713066101074219e+00
3.803952407836914062e+01
2.935860824584960938e+01
-1.711043701171875000e+02
3.847344970703125000e+01
-2.959453201293945312e+01
-1.420778350830078125e+02
1.409380340576171875e+02
-2.612901306152343750e+02
4.110644149780273438e+01
1.145028591156005859e+00
-4.380506896972656250e+01
-1.968176269531250000e+02
1.015067138671875000e+02
6.791966247558593750e+01
2.649890747070312500e+02
2.576418151855468750e+02
8.962676048278808594e+00
-9.804134368896484375e+00
1.241297073364257812e+02
1.517568817138671875e+02
9.818048858642578125e+01
-5.134180831909179688e+01
-8.924494171142578125e+01
3.037964630126953125e+01
-2.126441802978515625e+02
-8.893613433837890625e+01
1.511385803222656250e+02
1.753337669372558594e+01
9.860164642333984375e+01
3.143294982910156250e+02
6.565987396240234375e+01
-1.463831481933593750e+02
-1.958211517333984375e+02
4.439165039062500000e+02
-2.529947662353515625e+01
-2.828792572021484375e+01
1.132852554321289062e+02
7.537596893310546875e+01
6.123091506958007812e+01
2.856880493164062500e+02
-1.181891479492187500e+02
3.562153625488281250e+02
-2.116861877441406250e+02
-3.301943969726562500e+02
-2.676437072753906250e+02
-2.550320587158203125e+02
-3.118450736999511719e+01
4.657246704101562500e+02
1.142099533081054688e+02
1.448582305908203125e+02
1.265190124511718750e+02
-1.191427154541015625e+02
-1.122348937988281250e+02
1.871942443847656250e+02
8.894612121582031250e+01
-1.694233856201171875e+02
-1.032932281494140625e+02
-3.032271728515625000e+02
-1.133776016235351562e+02
2.381687469482421875e+02
-7.102000427246093750e+01
-1.145502090454101562e+02
1.563285522460937500e+02
2.567238464355468750e+02
-2.488904571533203125e+02
-2.640096130371093750e+02
-3.978270263671875000e+02
-8.864779663085937500e+01
8.540863037109375000e+01
-2.347293701171875000e+02
-2.451179504394531250e+02
3.384735412597656250e+02
6.903666496276855469e+00
-4.181456909179687500e+02
1.991085205078125000e+02
3.696586608886718750e+02
2.539924468994140625e+02
-3.999280090332031250e+02
4.230735778808593750e+01
7.156555938720703125e+01
-2.129198760986328125e+02
2.817788391113281250e+02
-1.771826934814453125e+01
-3.753775024414062500e+01
5.503663253784179688e+01
-2.483547668457031250e+02
-3.902894897460937500e+02
7.893820953369140625e+01
-3.021053466796875000e+02
-1.249004364013671875e+01
2.976246032714843750e+02
3.407339477539062500e+01
-1.972187614440917969e+01
1.281155853271484375e+02
3.717861175537109375e-01
-5.892885131835937500e+02
1.564870605468750000e+02
3.560180053710937500e+02
6.577299499511718750e+01
3.565713806152343750e+02
5.020413208007812500e+01
2.818350830078125000e+02
-2.276951789855957031e+01
4.253906250000000000e+01
-3.470711059570312500e+02
2.915475463867187500e+02
1.263082742691040039e+00
2.356567077636718750e+02
1.637383422851562500e+02
9.414430618286132812e+00
1.903104095458984375e+02
-2.613110656738281250e+02
-5.784997940063476562e+01
1.471765289306640625e+02
4.192807312011718750e+02
-1.801636505126953125e+02
-3.199015808105468750e+02
1.045135421752929688e+02
-1.957536773681640625e+02
5.666806411743164062e+01
-1.365783596038818359e+01
-8.126591491699218750e+01
5.829012298583984375e+01
-5.467458343505859375e+01
-1.604776573181152344e+01
1.683630371093750000e+02
1.798278961181640625e+02
1.284536285400390625e+02
8.251034736633300781e+00
-3.677930450439453125e+01
5.179056549072265625e+01
7.638508605957031250e+01
-3.180341720581054688e+01
3.752465515136718750e+02
-1.998884887695312500e+02
-3.933511352539062500e+01
9.056030273437500000e+01
-1.700756225585937500e+02
-5.282592773437500000e-02
-1.507423400878906250e+02
1.092368011474609375e+02
3.792500305175781250e+02
-2.040529632568359375e+02
-6.045687866210937500e+01
1.465330047607421875e+02
-6.674530029296875000e+01
-3.143028564453125000e+02
2.055632019042968750e+01
-3.618852233886718750e+01
1.809497261047363281e+01
-1.581903743743896484e+01
1.055045852661132812e+02
1.941738433837890625e+02
-1.458299102783203125e+02
-5.615576934814453125e+01
-6.740290832519531250e+01
1.314673767089843750e+02
-2.443235473632812500e+02
8.659682464599609375e+01
1.748106689453125000e+02
-2.721759223937988281e+01
3.181380004882812500e+02
-4.914916992187500000e+01
-3.218463516235351562e+01
-2.639553833007812500e+02
1.704979858398437500e+02
-5.199235229492187500e+02
2.879073791503906250e+02
7.937903594970703125e+01
-2.095539550781250000e+02
2.210853729248046875e+02
-5.155970764160156250e+01
-4.633022308349609375e+01
-3.589560317993164062e+01
1.097571468353271484e+01
-3.346932678222656250e+02
3.309414672851562500e+01
6.259796524047851562e+01
6.366476440429687500e+01
-2.417632751464843750e+02
-4.422064819335937500e+02
-1.722284393310546875e+02
3.723537063598632812e+01
1.742765655517578125e+02
2.577887268066406250e+02
1.493077087402343750e+02
-1.094477844238281250e+02
-5.015367889404296875e+01
7.425760650634765625e+01
-2.078647460937500000e+02
-1.439904022216796875e+01
2.158293151855468750e+02
5.159671783447265625e+01
1.212171096801757812e+02
-8.824470520019531250e+01
-8.967620849609375000e+01
-1.750181579589843750e+01
3.456911621093750000e+02
-1.654400024414062500e+02
2.628300170898437500e+02
-1.966726684570312500e+02
-2.406426391601562500e+02
1.992935791015625000e+02
-1.753075561523437500e+02
7.949752807617187500e+00
-4.538879394531250000e+01
9.480904388427734375e+01
3.306795120239257812e+01
-2.286410140991210938e+01
8.251763153076171875e+01
-1.072132301330566406e+01
-1.188330230712890625e+02
4.247622985839843750e+02
-7.503546905517578125e+01
-2.279485015869140625e+02
-1.641242027282714844e+01
-5.523310089111328125e+01
5.644439086914062500e+02
-7.434784698486328125e+01
8.905310821533203125e+01
-6.114606475830078125e+01
-1.359256172180175781e+01
-1.000618591308593750e+02
1.039825744628906250e+02
5.492564010620117188e+01
-6.427179718017578125e+01
6.217781066894531250e+01
8.623005676269531250e+01
-8.180265808105468750e+01
-2.035535278320312500e+02
1.523155517578125000e+02
-2.098026885986328125e+02
1.965263671875000000e+02
2.105712127685546875e+02
-1.453000030517578125e+02
-2.222886810302734375e+02
-3.519571304321289062e+01
3.334494323730468750e+02
1.256421051025390625e+02
2.302391815185546875e+02
2.486200866699218750e+02
-1.899659271240234375e+02
3.012612609863281250e+02
1.468889160156250000e+02
-3.157664794921875000e+02
7.709825134277343750e+01
-2.627194976806640625e+01
-5.373358917236328125e+01
2.877649536132812500e+02
2.109803771972656250e+01
2.269720001220703125e+02
-2.053365783691406250e+02
2.533608055114746094e+01
-2.514730453491210938e+01
2.741331176757812500e+02
3.782006835937500000e+02
3.469551696777343750e+02
8.125166893005371094e+00
3.865747985839843750e+02
9.428141021728515625e+01
-5.869157104492187500e+02
-4.566710205078125000e+02
7.376863098144531250e+01
-2.962760448455810547e+00
6.753279113769531250e+01
-1.903317565917968750e+02
3.097501831054687500e+02
-7.089862823486328125e+01
-4.315033340454101562e+01
2.066244812011718750e+02
3.110693550109863281e+01
-9.051866149902343750e+01
-2.604298400878906250e+01
-7.245658874511718750e+01
-3.638353271484375000e+02
-2.929192352294921875e+01
-5.464507293701171875e+01
-1.223858947753906250e+02
2.660921936035156250e+02
1.562064819335937500e+02
2.726318359375000000e+02
-1.253369808197021484e+01
4.185898742675781250e+02
-3.823640747070312500e+02
-2.474538993835449219e+01
4.586457061767578125e+01
-4.974681091308593750e+01
2.026211242675781250e+02
1.189694213867187500e+02
1.675677795410156250e+02
-4.826987609863281250e+02
-9.526593017578125000e+01
-5.008569946289062500e+02
-1.106608734130859375e+02
-1.117336425781250000e+02
2.551520919799804688e+01
2.139074249267578125e+02
-1.769087524414062500e+02
-2.112551422119140625e+02
-5.311424636840820312e+01
-1.087277908325195312e+02
2.986642761230468750e+02
-3.079093933105468750e+02
8.939983367919921875e+00
-5.835024261474609375e+01
-5.901431884765625000e+02
-1.160553932189941406e+00
1.056775588989257812e+02
-3.369572753906250000e+02
9.260224914550781250e+01
-1.419093933105468750e+02
-5.192101669311523438e+01
-2.915164184570312500e+02
3.825408554077148438e+01
6.068882942199707031e+00
-1.297304058074951172e+01
1.107900619506835938e+02
-8.360607910156250000e+01
-1.217021636962890625e+02
-2.329517822265625000e+02
4.593634033203125000e+01
5.072301864624023438e+01
1.115226974487304688e+02
-2.751697349548339844e+01
-3.345476989746093750e+02
2.390160827636718750e+02
3.772119750976562500e+02
-2.943792724609375000e+02
-2.961759338378906250e+02
-2.037684783935546875e+02
1.786213073730468750e+02
-8.614724731445312500e+01
-3.106212768554687500e+02
4.595263061523437500e+02
1.942818908691406250e+02
2.591929321289062500e+02
7.459232330322265625e+01
-3.074145507812500000e+02
-3.321757316589355469e+00
1.350446014404296875e+02
-2.326891174316406250e+02
7.965480041503906250e+01
-3.660605163574218750e+02
9.634725952148437500e+01
-2.229068298339843750e+02
-7.152110290527343750e+01
-6.678032684326171875e+01
-8.074465942382812500e+02
4.782686233520507812e+00
3.543006591796875000e+02
-1.171157913208007812e+02
3.539333724975585938e+01
-4.046346664428710938e+01
-9.834222412109375000e+01
1.137649917602539062e+02
2.685681152343750000e+02
1.320349731445312500e+02
9.013832855224609375e+01
1.397903442382812500e+02
-3.133792495727539062e+01
1.839984283447265625e+02
-1.765471343994140625e+02
-6.123865890502929688e+01
3.721721191406250000e+02
-4.485932312011718750e+02
2.725461425781250000e+02
3.005553588867187500e+02
8.469493103027343750e+01
2.295637512207031250e+01
-5.190815734863281250e+01
-8.834836578369140625e+01
-1.148444366455078125e+02
-2.206668548583984375e+02
-2.873877563476562500e+02
-7.116416625976562500e+02
-3.003352966308593750e+02
3.578826141357421875e+01
-4.099715805053710938e+01
1.812763214111328125e+02
-1.412033996582031250e+02
2.626155853271484375e+01
2.630884704589843750e+02
8.990412902832031250e+01
-2.185898132324218750e+02
-3.212202453613281250e+01
1.073809585571289062e+02
-1.751753387451171875e+02
-2.840052413940429688e+01
-1.641968841552734375e+02
-4.060988616943359375e+01
-7.680206298828125000e-01
5.680821228027343750e+01
5.419805526733398438e+01
-2.459007720947265625e+02
-2.751890258789062500e+02
-8.361132049560546875e+01
5.779459762573242188e+01
-2.212082481384277344e+01
-1.423661041259765625e+02
-1.068224563598632812e+02
-7.621809959411621094e+00
-7.260433959960937500e+01
1.338180847167968750e+02
-1.533308563232421875e+02
-5.451622009277343750e+01
-1.609210662841796875e+02
-4.566042900085449219e+00
1.603279876708984375e+02
1.106049270629882812e+02
1.651064453125000000e+02
-1.281660614013671875e+02
