-1.173097938299179077e-01
2.026728540658950806e-01
5.300489068031311035e-02
1.533325389027595520e-02
1.473137587308883667e-01
8.558086305856704712e-02
-1.060062497854232788e-01
1.873809546232223511e-01
6.945560127496719360e-02
2.497318573296070099e-02
-1.050071716308593750e-01
-4.813801031559705734e-03
6.959914416074752808e-02
1.267924606800079346e-01
-1.627726294100284576e-02
1.373263597488403320e-01
2.000430598855018616e-03
-1.330354660749435425e-01
1.030432432889938354e-01
1.036716923117637634e-01
-6.396235525608062744e-02
1.779698207974433899e-02
2.359506115317344666e-02
-5.372286587953567505e-02
-3.959763795137405396e-02
6.641064584255218506e-02
3.077111765742301941e-02
7.875479757785797119e-02
1.146202608942985535e-01
-3.542246669530868530e-02
-6.639613956212997437e-02
1.046528965234756470e-01
4.874878004193305969e-02
-4.353575408458709717e-02
7.987812161445617676e-02
-3.129034489393234253e-02
3.535414487123489380e-02
3.567479178309440613e-02
4.758638888597488403e-02
-5.760399252176284790e-02
3.768732771277427673e-02
-4.404764249920845032e-02
2.266780845820903778e-02
1.242185290902853012e-02
-7.127571851015090942e-02
5.709189549088478088e-02
-2.142215147614479065e-02
-4.933473840355873108e-02
-2.790423482656478882e-02
6.223466619849205017e-02
4.941104352474212646e-02
-1.744438335299491882e-02
-6.595395505428314209e-02
1.805279552936553955e-01
2.707759663462638855e-02
5.704927071928977966e-02
8.048039861023426056e-03
2.537242136895656586e-02
1.201384291052818298e-01
-2.520526759326457977e-02
3.784191096201539040e-03
9.026818722486495972e-02
-5.841250717639923096e-02
-1.227267012000083923e-01
-3.279956802725791931e-02
-2.340237237513065338e-02
-3.009725175797939301e-02
-1.345228254795074463e-01
-3.924661129713058472e-02
-1.976557821035385132e-02
1.617774553596973419e-02
-1.970939897000789642e-02
-8.639448881149291992e-02
5.012575909495353699e-02
-7.390967756509780884e-02
8.277933299541473389e-02
9.667376428842544556e-02
1.402416229248046875e-01
5.487614497542381287e-02
-4.187351837754249573e-02
-4.829698055982589722e-02
-2.348740771412849426e-02
-1.147625036537647247e-02
-2.602535299956798553e-02
1.389957070350646973e-01
-1.881793700158596039e-02
-2.776160091161727905e-02
4.615084826946258545e-02
1.606795005500316620e-02
-7.680864632129669189e-02
-2.159086056053638458e-02
-1.648175269365310669e-01
2.258838899433612823e-02
1.740207076072692871e-01
-6.446175277233123779e-03
-5.927739664912223816e-03
1.657409593462944031e-02
-1.495970133692026138e-02
3.234393522143363953e-02
1.153262425214052200e-02
9.258652105927467346e-03
-8.427377045154571533e-02
-2.618219330906867981e-02
-9.329713135957717896e-02
7.707785069942474365e-02
2.916292659938335419e-02
-7.749138772487640381e-02
5.210825055837631226e-02
5.929083004593849182e-02
5.111743509769439697e-02
-3.395284712314605713e-02
3.829996287822723389e-02
4.150088131427764893e-02
2.821733988821506500e-02
4.642074182629585266e-02
-3.363703377544879913e-03
-4.133426398038864136e-02
-2.599592804908752441e-01
-1.079512163996696472e-01
-9.422929584980010986e-02
4.420353844761848450e-02
-1.182772871106863022e-02
1.111151501536369324e-01
-1.331201102584600449e-02
1.287596393376588821e-02
6.402839720249176025e-02
-3.523134812712669373e-02
-1.316105127334594727e-01
7.675698399543762207e-02
4.955615103244781494e-02
-4.088070988655090332e-02
5.708596482872962952e-02
2.085198834538459778e-02
-1.122522950172424316e-01
-1.057029794901609421e-02
1.328283734619617462e-02
-6.386247277259826660e-02
1.355050504207611084e-02
2.456529624760150909e-02
2.179083181545138359e-03
3.634525462985038757e-02
-4.506861418485641479e-02
3.758434439077973366e-03
9.066158533096313477e-02
2.447929605841636658e-02
4.226135835051536560e-02
-6.208577379584312439e-02
-7.702777627855539322e-03
1.490408331155776978e-01
-2.723301015794277191e-02
-8.783176541328430176e-02
-9.296430647373199463e-02
2.550062723457813263e-02
-3.958227485418319702e-02
8.821409195661544800e-03
9.749848395586013794e-03
2.594797499477863312e-02
-1.146067772060632706e-02
-7.638698816299438477e-02
5.071195587515830994e-02
9.311175905168056488e-03
-3.614276275038719177e-02
5.649674683809280396e-02
5.628991499543190002e-02
-3.521215170621871948e-02
-1.494184434413909912e-01
7.891055941581726074e-02
-1.549494266510009766e-01
-9.947787970304489136e-02
-1.598362624645233154e-02
6.737872958183288574e-02
-1.165675818920135498e-01
-5.771861970424652100e-02
-4.119786620140075684e-02
-1.115267872810363770e-01
4.005470126867294312e-02
-6.869712471961975098e-02
4.540413245558738708e-02
4.704828932881355286e-02
4.688550159335136414e-02
1.346409507095813751e-02
-8.925822563469409943e-03
-5.433078855276107788e-02
1.911619454622268677e-01
8.162305504083633423e-02
-2.952298335731029510e-02
7.342713326215744019e-02
-1.289803236722946167e-01
4.539850167930126190e-03
1.474312245845794678e-01
-4.825739562511444092e-02
-9.876990318298339844e-02
5.323055014014244080e-02
-3.891428932547569275e-02
-9.945707023143768311e-02
2.196029573678970337e-02
1.533344537019729614e-01
1.742070913314819336e-01
-7.417712360620498657e-02
-2.292078174650669098e-02
-1.849648505449295044e-01
-1.058479174971580505e-01
-1.203230172395706177e-01
-2.112730033695697784e-02
1.731717139482498169e-01
1.494996994733810425e-01
-9.096637368202209473e-02
6.660503894090652466e-02
-7.013539224863052368e-02
1.753633283078670502e-02
-6.895523518323898315e-02
1.866971142590045929e-02
6.084810569882392883e-02
8.869026601314544678e-02
4.748442210257053375e-03
5.629706010222434998e-02
-4.624726623296737671e-02
-1.426416337490081787e-01
8.751591295003890991e-02
-8.450026810169219971e-02
-1.123005300760269165e-01
2.147000841796398163e-02
1.473414618521928787e-02
-8.826189488172531128e-02
1.689781397581100464e-01
1.121921837329864502e-01
2.601200044155120850e-01
-9.497343003749847412e-02
-8.942077308893203735e-02
1.160324886441230774e-01
6.830830872058868408e-02
3.490233421325683594e-02
1.295920908451080322e-01
-1.112027093768119812e-01
2.745862118899822235e-02
1.045580506324768066e-01
1.216098368167877197e-01
-5.647371709346771240e-02
-7.912821136415004730e-03
-1.069303452968597412e-01
-7.291104644536972046e-02
2.865244634449481964e-02
1.757828705012798309e-02
-3.532940894365310669e-02
3.556388616561889648e-02
9.037321060895919800e-02
6.655672937631607056e-02
2.613031864166259766e-01
-4.220833629369735718e-02
1.429805904626846313e-01
1.455235481262207031e-01
1.524451673030853271e-01
-6.496550142765045166e-02
1.495821624994277954e-01
4.005474224686622620e-02
6.204038858413696289e-02
-9.993818588554859161e-03
-3.434839844703674316e-02
1.877981796860694885e-02
-1.359472125768661499e-01
1.377806719392538071e-02
-4.763311892747879028e-02
6.381861120462417603e-02
6.068349257111549377e-02
1.129615530371665955e-01
-2.414868585765361786e-02
-4.045907407999038696e-02
-8.667348325252532959e-02
4.871320561505854130e-04
1.776450276374816895e-01
-1.576945334672927856e-01
-2.151052653789520264e-01
6.959732621908187866e-02
1.542287170886993408e-01
-4.680272936820983887e-02
2.182147800922393799e-01
7.083349395543336868e-03
-9.087889455258846283e-03
-4.171781241893768311e-02
-5.812072753906250000e-02
8.628100156784057617e-02
1.175604015588760376e-01
-1.339948177337646484e-01
-8.163351565599441528e-02
-1.349044311791658401e-02
4.389605950564146042e-03
3.563282638788223267e-02
4.048793390393257141e-02
-7.754390593618154526e-03
1.273073256015777588e-01
-9.138493239879608154e-02
-3.187984228134155273e-02
-5.298915877938270569e-02
9.882182627916336060e-02
1.255956888198852539e-01
5.088519770652055740e-03
-7.770559936761856079e-02
-5.495253950357437134e-02
-1.165010407567024231e-01
7.060782518237829208e-04
-1.980315297842025757e-01
-3.271182533353567123e-03
4.788894206285476685e-03
1.679506450891494751e-01
1.629408001899719238e-01
2.221761457622051239e-02
5.263325944542884827e-02
-1.378009021282196045e-01
7.538036443293094635e-03
5.552387982606887817e-02
-6.013494450598955154e-03
1.161549612879753113e-01
-2.428887039422988892e-02
-6.129031628370285034e-02
2.124221436679363251e-02
-3.137491643428802490e-02
4.120398685336112976e-02
-1.823986135423183441e-02
-1.012856326997280121e-02
-2.330424962565302849e-03
5.479274690151214600e-02
8.158579468727111816e-02
3.656165301799774170e-02
7.786394096910953522e-03
-4.250137135386466980e-02
-3.598255570977926254e-03
7.550269365310668945e-02
-1.449358910322189331e-01
4.873167257755994797e-03
7.086684461683034897e-03
7.418013643473386765e-03
1.386866867542266846e-01
-2.537165284156799316e-01
-4.667376726865768433e-02
9.318956732749938965e-02
4.060897044837474823e-03
-7.751876860857009888e-02
-4.024289920926094055e-02
1.480157077312469482e-01
-2.314029075205326080e-02
6.231240928173065186e-03
1.857949793338775635e-02
-9.310674667358398438e-02
-6.088924594223499298e-03
-4.163977131247520447e-02
-2.284995280206203461e-02
1.476134508848190308e-01
1.812254786491394043e-01
-1.018459275364875793e-01
-7.191545516252517700e-02
5.243988707661628723e-02
7.538640499114990234e-02
-3.266290063038468361e-03
-6.061977148056030273e-02
-3.767844289541244507e-03
8.639386296272277832e-02
-2.752016671001911163e-02
-1.157252639532089233e-01
-5.232395604252815247e-02
6.745330244302749634e-02
-1.089767366647720337e-01
6.718279421329498291e-02
-1.068485081195831299e-01
-4.971172288060188293e-02
1.445767283439636230e-02
-1.586432009935379028e-01
9.888193011283874512e-02
3.729542344808578491e-02
-6.932351272553205490e-03
1.069239675998687744e-01
-3.873631730675697327e-02
-5.518354848027229309e-02
1.386856287717819214e-01
-6.154449284076690674e-02
1.947334595024585724e-02
5.500504747033119202e-03
6.938799470663070679e-02
-7.283353060483932495e-02
1.833827048540115356e-02
-1.269400119781494141e-01
-1.601337045431137085e-01
-1.414363551884889603e-02
-9.822943061590194702e-02
4.433752968907356262e-02
1.429474651813507080e-01
-2.339509427547454834e-01
1.027162224054336548e-01
-2.205882966518402100e-02
-3.676468878984451294e-02
-5.757941678166389465e-02
6.252122670412063599e-02
2.806608332321047783e-03
-1.555277705192565918e-01
-8.840745431371033192e-04
-8.250469714403152466e-02
-4.839954152703285217e-02
-1.176638975739479065e-01
-1.816454380750656128e-01
1.385276168584823608e-01
2.349340170621871948e-02
8.309484273195266724e-02
6.085853651165962219e-02
-1.259761303663253784e-02
-5.527220666408538818e-02
1.716477423906326294e-02
9.589063934981822968e-03
4.992833733558654785e-02
-3.539450094103813171e-02
1.127904281020164490e-03
7.732316106557846069e-02
1.461131870746612549e-01
-6.896088272333145142e-02
-1.175197735428810120e-01
9.489357471466064453e-02
-1.032918915152549744e-01
-1.992260217666625977e-01
2.235009707510471344e-02
8.242477476596832275e-02
6.345613300800323486e-02
-8.316158503293991089e-02
-1.952227652072906494e-01
1.183677986264228821e-01
-6.199764087796211243e-03
7.740544527769088745e-02
-2.468820102512836456e-02
1.072183717042207718e-03
7.602962106466293335e-02
-7.242183387279510498e-02
-2.214052155613899231e-02
-7.997283339500427246e-02
8.077769726514816284e-02
1.145623773336410522e-01
-1.456518005579710007e-02
-1.303641200065612793e-01
-1.387571096420288086e-01
1.319511234760284424e-01
-4.008401185274124146e-02
-7.180196791887283325e-02
-5.314625054597854614e-02
-9.945340454578399658e-02
9.688300080597400665e-03
-6.264075636863708496e-03
-3.562435507774353027e-03
5.925686284899711609e-02
-6.646626442670822144e-02
-1.840459555387496948e-02
-6.969512253999710083e-02
-2.909389883279800415e-02
8.171103894710540771e-02
-3.851351886987686157e-02
-1.014086231589317322e-01
-1.720849871635437012e-01
-4.681721702218055725e-02
4.200036451220512390e-02
-2.989168465137481689e-02
1.148336827754974365e-01
-1.178334727883338928e-01
9.049440175294876099e-02
-5.123291909694671631e-02
-9.167084353975951672e-04
1.232232525944709778e-01
-1.959410756826400757e-01
-4.593735933303833008e-02
6.830170750617980957e-02
1.214469373226165771e-01
1.351448148488998413e-02
-5.481794849038124084e-02
-5.350962281227111816e-02
-8.298863470554351807e-02
1.910253986716270447e-02
-1.049689799547195435e-01
1.853644661605358124e-02
-1.221352964639663696e-01
4.722398146986961365e-02
4.305736720561981201e-02
-4.420144483447074890e-02
-5.394213646650314331e-02
4.936124011874198914e-02
-8.976688608527183533e-03
-3.202012926340103149e-02
-1.180928293615579605e-02
9.927885234355926514e-02
6.497245747596025467e-03
-7.848766446113586426e-02
1.028474792838096619e-01
6.273075938224792480e-02
1.278191506862640381e-01
-8.593940734863281250e-02
1.408170759677886963e-01
-6.830015033483505249e-02
-1.344532370567321777e-01
1.784214079380035400e-01
1.877081207931041718e-02
-1.221812679432332516e-03
5.027696490287780762e-02
-2.228230610489845276e-02
-1.151917874813079834e-01
6.093385443091392517e-02
-1.243995502591133118e-01
-4.327872768044471741e-02
