8.360176562500000000e+04
1.663381562500000000e+05
4.572908437500000000e+05
3.359430937500000000e+05
5.316075390625000000e+04
1.305004843750000000e+05
1.377177812500000000e+05
1.219115781250000000e+05
6.705507500000000000e+05
1.487764375000000000e+05
1.788014062500000000e+05
7.756729687500000000e+04
5.443370312500000000e+04
1.429571562500000000e+05
1.201481171875000000e+05
1.083129375000000000e+05
6.844221093750000000e+04
5.161129296875000000e+04
4.256739453125000000e+04
1.658099218750000000e+05
4.486817578125000000e+04
6.397304296875000000e+04
9.088134375000000000e+04
9.274991406250000000e+04
6.346785156250000000e+04
3.535669687500000000e+05
6.005434765625000000e+04
6.997270312500000000e+04
6.678523437500000000e+04
1.999944687500000000e+05
4.378955859375000000e+04
1.275411562500000000e+05
7.195219531250000000e+04
1.330333125000000000e+05
4.157286250000000000e+05
1.770336093750000000e+05
1.672736875000000000e+05
6.951138281250000000e+04
1.881577968750000000e+05
1.117168906250000000e+05
1.894047968750000000e+05
4.564526171875000000e+04
6.109996875000000000e+04
7.432003906250000000e+04
4.701197187500000000e+05
1.457525000000000000e+05
5.362828125000000000e+04
5.120955078125000000e+04
1.060360703125000000e+05
1.702020937500000000e+05
8.225706250000000000e+04
3.151478750000000000e+05
9.441958593750000000e+04
1.881873593750000000e+05
1.091082031250000000e+05
5.972647265625000000e+04
2.237548593750000000e+05
6.293498046875000000e+04
2.114620625000000000e+05
1.488458281250000000e+05
1.116554062500000000e+05
1.635560937500000000e+05
7.579834375000000000e+04
2.062698906250000000e+05
2.246537031250000000e+05
5.088645312500000000e+04
6.134653515625000000e+04
6.000227734375000000e+04
1.921931406250000000e+05
1.390613125000000000e+05
1.970423593750000000e+05
7.352031250000000000e+04
2.762575312500000000e+05
1.033177812500000000e+05
6.017542578125000000e+04
1.519734062500000000e+05
1.985194531250000000e+05
8.061950000000000000e+04
2.057002968750000000e+05
6.235162500000000000e+04
1.254114687500000000e+05
3.037260312500000000e+05
1.189484921875000000e+05
1.105920234375000000e+05
3.007617187500000000e+05
2.000129375000000000e+05
6.577675000000000000e+04
7.709749218750000000e+04
2.709394062500000000e+05
1.869725937500000000e+05
2.439694843750000000e+05
8.897928125000000000e+04
1.099058828125000000e+05
1.259272265625000000e+05
1.842188437500000000e+05
1.373692031250000000e+05
8.992453906250000000e+04
8.137453906250000000e+04
3.353463125000000000e+05
9.453517187500000000e+04
2.516965312500000000e+05
1.614938437500000000e+05
1.672665000000000000e+05
1.101283671875000000e+05
3.544712109375000000e+04
5.524873750000000000e+05
1.187342187500000000e+05
1.955892656250000000e+05
9.085841406250000000e+04
1.396042812500000000e+05
2.057335937500000000e+05
1.492924062500000000e+05
1.585013593750000000e+05
1.024485390625000000e+05
5.262329375000000000e+05
7.237285156250000000e+04
4.193249375000000000e+05
2.391034843750000000e+05
7.354375781250000000e+04
1.835540625000000000e+05
1.567957031250000000e+05
7.724323437500000000e+04
6.433019140625000000e+04
1.404223906250000000e+05
8.963900000000000000e+04
7.092331250000000000e+04
5.292447656250000000e+04
9.719367968750000000e+04
1.315570937500000000e+05
1.278807265625000000e+05
4.789078437500000000e+05
9.464308593750000000e+04
2.287226406250000000e+05
1.425555468750000000e+05
8.098000000000000000e+04
4.795315937500000000e+05
1.155327890625000000e+05
7.106959375000000000e+04
1.309135234375000000e+05
9.465864062500000000e+04
4.705088671875000000e+04
6.910186718750000000e+04
1.257475156250000000e+05
9.172886718750000000e+04
8.487465625000000000e+04
8.550745312500000000e+04
1.142480312500000000e+05
4.093748828125000000e+04
3.090589687500000000e+05
7.000709375000000000e+04
1.076442890625000000e+05
9.726844531250000000e+04
2.335072500000000000e+05
7.138296875000000000e+04
2.924022187500000000e+05
9.027988281250000000e+04
1.933002187500000000e+05
7.199017968750000000e+04
9.863674218750000000e+04
5.422932500000000000e+05
2.484978125000000000e+05
1.013011015625000000e+05
1.694490156250000000e+05
2.075858906250000000e+05
8.949125781250000000e+04
5.165571093750000000e+04
1.428545156250000000e+05
8.119600000000000000e+04
1.498653125000000000e+05
1.585040468750000000e+05
1.277113906250000000e+05
2.082539843750000000e+05
1.115068750000000000e+05
1.167544531250000000e+05
1.635285937500000000e+05
1.393282656250000000e+05
8.584796875000000000e+04
9.692900781250000000e+04
1.291573593750000000e+05
4.738171875000000000e+04
1.375725468750000000e+05
1.066641328125000000e+05
2.372863125000000000e+05
6.951845312500000000e+04
9.361385937500000000e+04
9.865590625000000000e+04
4.580763281250000000e+04
1.168578750000000000e+05
7.201822656250000000e+04
1.973998437500000000e+05
8.360697656250000000e+04
3.987476562500000000e+05
1.613487968750000000e+05
6.472460156250000000e+04
8.456725781250000000e+04
1.039280156250000000e+05
7.786586718750000000e+04
6.335171250000000000e+05
5.412450625000000000e+05
1.830795937500000000e+05
2.574200000000000000e+05
7.369623437500000000e+04
1.864921250000000000e+05
1.403940312500000000e+05
2.319829375000000000e+05
1.288630156250000000e+05
2.763158437500000000e+05
7.515885937500000000e+04
9.319692968750000000e+04
9.972745312500000000e+04
7.457503906250000000e+04
4.271490937500000000e+05
3.629621562500000000e+05
6.669790625000000000e+04
1.884196562500000000e+05
1.791078125000000000e+05
2.095445781250000000e+05
1.144302265625000000e+05
2.727093125000000000e+05
5.709583984375000000e+04
8.972529687500000000e+04
9.884736718750000000e+04
7.288470312500000000e+04
1.467842343750000000e+05
8.328981250000000000e+04
1.016338984375000000e+05
8.291307812500000000e+04
2.445584218750000000e+05
2.423988593750000000e+05
5.725008593750000000e+04
1.537095937500000000e+05
7.097371875000000000e+04
4.234572265625000000e+04
1.013972343750000000e+05
8.728363281250000000e+04
1.367171875000000000e+05
2.005678593750000000e+05
1.456726718750000000e+05
9.917110937500000000e+04
8.969946875000000000e+04
3.728179062500000000e+05
2.234299375000000000e+05
1.067853593750000000e+05
1.014433671875000000e+05
1.618321562500000000e+05
2.975349687500000000e+05
9.658506250000000000e+04
1.006237578125000000e+05
1.453889062500000000e+05
1.824080000000000000e+05
3.319933750000000000e+05
9.037690625000000000e+04
4.758071093750000000e+04
1.246818671875000000e+05
8.459535937500000000e+04
2.972425000000000000e+05
4.603139062500000000e+04
5.131993750000000000e+04
5.624516796875000000e+04
8.751889062500000000e+04
3.376426953125000000e+04
1.439332656250000000e+05
2.033750312500000000e+05
1.018285859375000000e+05
1.208846562500000000e+05
1.063622734375000000e+05
1.038203750000000000e+05
1.180855781250000000e+05
7.983834375000000000e+04
1.045546015625000000e+05
2.900710625000000000e+05
8.266455468750000000e+04
2.244786250000000000e+05
9.103425781250000000e+04
7.414510156250000000e+04
5.646800625000000000e+05
1.171623593750000000e+05
1.198993750000000000e+05
9.549862500000000000e+04
2.055475000000000000e+05
7.576871093750000000e+04
8.599902343750000000e+04
7.119812500000000000e+04
7.749956250000000000e+04
2.381341406250000000e+05
7.793450000000000000e+04
1.863209687500000000e+05
5.331752734375000000e+04
7.657580468750000000e+04
1.647375625000000000e+05
1.497442812500000000e+05
6.401559765625000000e+04
4.604327812500000000e+05
4.699907812500000000e+04
6.712471875000000000e+04
2.386167343750000000e+05
1.430148906250000000e+05
1.326243125000000000e+05
1.198966015625000000e+05
5.138793750000000000e+04
1.293594765625000000e+05
8.071239062500000000e+04
9.724020312500000000e+04
2.688183125000000000e+05
3.449756250000000000e+05
1.072190390625000000e+05
1.252624062500000000e+05
1.453252500000000000e+05
4.592359062500000000e+05
1.070982656250000000e+05
4.945148125000000000e+05
1.266623359375000000e+05
2.662697812500000000e+05
1.940186562500000000e+05
1.238641562500000000e+05
1.032609765625000000e+05
1.579330312500000000e+05
1.914181406250000000e+05
1.395011562500000000e+05
2.777470312500000000e+05
7.547864843750000000e+04
7.005650000000000000e+04
1.077222578125000000e+05
8.272077343750000000e+04
1.645350937500000000e+05
1.665380156250000000e+05
8.843532031250000000e+04
6.903934375000000000e+04
1.539116093750000000e+05
1.359611875000000000e+05
9.970349218750000000e+04
9.314357031250000000e+04
9.869707812500000000e+04
1.286589687500000000e+05
2.380708906250000000e+05
7.362156250000000000e+04
4.781699218750000000e+04
1.090333906250000000e+05
1.526573281250000000e+05
6.751182812500000000e+04
4.884575000000000000e+04
4.903696093750000000e+04
1.031966640625000000e+05
1.550382031250000000e+05
1.604753437500000000e+05
1.420604843750000000e+05
2.723808125000000000e+05
2.327915156250000000e+05
2.238305937500000000e+05
5.003789453125000000e+04
1.177770859375000000e+05
1.182057343750000000e+05
1.209371328125000000e+05
6.773070312500000000e+04
8.066006250000000000e+04
1.048244921875000000e+05
8.796706250000000000e+04
8.078240625000000000e+04
5.975395703125000000e+04
8.793313281250000000e+04
3.745721562500000000e+05
1.028955234375000000e+05
4.037733437500000000e+05
1.040032031250000000e+05
9.000310937500000000e+04
1.570535312500000000e+05
5.053960546875000000e+04
4.858232031250000000e+04
8.535625000000000000e+04
8.494760156250000000e+04
6.407837890625000000e+04
9.453650000000000000e+04
1.639583750000000000e+05
7.696930468750000000e+04
1.142370078125000000e+05
1.181991484375000000e+05
1.460599687500000000e+05
7.642349218750000000e+04
9.834104687500000000e+04
1.264944921875000000e+05
1.260096875000000000e+05
1.136056406250000000e+05
3.085424375000000000e+05
8.497882812500000000e+04
1.175360078125000000e+05
1.019167109375000000e+05
1.913356718750000000e+05
1.078174921875000000e+05
1.672563437500000000e+05
9.444198437500000000e+04
1.824355000000000000e+05
1.059957109375000000e+05
2.464418281250000000e+05
7.817100000000000000e+04
1.092900234375000000e+05
4.982992187500000000e+04
1.884361718750000000e+05
9.916754687500000000e+04
2.972615625000000000e+05
6.044913671875000000e+04
1.102568828125000000e+05
3.073370625000000000e+05
1.438712968750000000e+05
7.350911718750000000e+04
6.857725781250000000e+04
2.490025468750000000e+05
1.361502968750000000e+05
1.038286875000000000e+05
1.855462187500000000e+05
7.535414843750000000e+04
1.100446562500000000e+05
1.365710468750000000e+05
1.143581171875000000e+05
2.293133750000000000e+05
3.157030937500000000e+05
3.975425625000000000e+05
7.238972656250000000e+04
1.073337578125000000e+05
1.420252343750000000e+05
1.364537187500000000e+05
8.106388281250000000e+04
4.385357812500000000e+04
6.866632812500000000e+04
1.705266250000000000e+05
9.746931250000000000e+04
5.420611718750000000e+04
1.612006718750000000e+05
7.580464843750000000e+04
7.455187500000000000e+04
1.397404375000000000e+05
5.367632031250000000e+04
5.072233437500000000e+05
8.536010156250000000e+04
4.633453906250000000e+04
1.272062890625000000e+05
1.406317968750000000e+05
2.058732343750000000e+05
2.723327812500000000e+05
2.620850937500000000e+05
1.867815000000000000e+05
1.428951406250000000e+05
4.496792578125000000e+04
7.496487500000000000e+04
2.465187500000000000e+05
1.249053515625000000e+05
1.661671093750000000e+05
2.612333593750000000e+05
1.401912968750000000e+05
2.228797031250000000e+05
3.263117187500000000e+05
1.648847968750000000e+05
1.300064843750000000e+05
4.236441406250000000e+04
8.430501562500000000e+04
8.430211718750000000e+04
1.864536562500000000e+05
5.653229296875000000e+04
2.899363437500000000e+05
8.427781250000000000e+04
6.902619531250000000e+04
1.002388046875000000e+05
1.432347500000000000e+05
2.385951562500000000e+05
8.423078906250000000e+04
3.214979062500000000e+05
1.427432656250000000e+05
5.153860546875000000e+04
9.930217187500000000e+04
2.371506250000000000e+05
4.387215625000000000e+04
5.249569140625000000e+04
6.841986718750000000e+04
1.348992031250000000e+05
8.627436718750000000e+04
1.856379531250000000e+05
9.591820312500000000e+04
7.793527343750000000e+04
4.382655625000000000e+05
8.194137500000000000e+04
9.111507031250000000e+04
9.458807812500000000e+04
1.106679843750000000e+05
1.527623750000000000e+05
6.483361328125000000e+04
1.507136875000000000e+05
9.024683593750000000e+04
1.289992656250000000e+05
1.270309296875000000e+05
2.270547031250000000e+05
7.973179687500000000e+04
2.675318125000000000e+05
6.030328125000000000e+04
2.110926406250000000e+05
1.371950468750000000e+05
1.426411875000000000e+05
4.591535156250000000e+04
1.085272578125000000e+05
7.619448437500000000e+04
2.385623281250000000e+05
7.006524218750000000e+04
