1.054814100265502930e+00
1.122138500213623047e+00
1.012410402297973633e+00
1.005986690521240234e+00
1.123705029487609863e+00
1.083088874816894531e+00
9.727474451065063477e-01
1.036821722984313965e+00
1.046850681304931641e+00
1.000664710998535156e+00
1.031963706016540527e+00
1.002036809921264648e+00
1.065151333808898926e+00
9.755872488021850586e-01
9.874483346939086914e-01
1.109921455383300781e+00
9.719852805137634277e-01
9.591490030288696289e-01
1.018020987510681152e+00
9.900043606758117676e-01
1.014372706413269043e+00
1.013882040977478027e+00
9.765490889549255371e-01
1.038800239562988281e+00
1.087443828582763672e+00
1.080865144729614258e+00
1.152400732040405273e+00
1.141541004180908203e+00
1.005019187927246094e+00
9.990481138229370117e-01
1.043790817260742188e+00
1.069550037384033203e+00
1.145241260528564453e+00
1.092248320579528809e+00
9.592414498329162598e-01
9.348188638687133789e-01
9.707442522048950195e-01
1.050740003585815430e+00
9.747140407562255859e-01
1.073505878448486328e+00
1.024982929229736328e+00
1.086211681365966797e+00
1.005321145057678223e+00
1.107915043830871582e+00
1.015826821327209473e+00
1.113206624984741211e+00
1.061534643173217773e+00
1.045401811599731445e+00
9.540853500366210938e-01
1.000099778175354004e+00
1.066138982772827148e+00
9.882041215896606445e-01
1.028200745582580566e+00
1.046097517013549805e+00
1.051697611808776855e+00
1.114496469497680664e+00
1.012193918228149414e+00
1.081046819686889648e+00
9.641663432121276855e-01
9.423221945762634277e-01
1.002589583396911621e+00
9.472101330757141113e-01
1.116072893142700195e+00
1.095866918563842773e+00
1.025689721107482910e+00
1.081360936164855957e+00
1.108663082122802734e+00
1.027821421623229980e+00
1.094406366348266602e+00
1.217695593833923340e+00
1.016973495483398438e+00
1.001481413841247559e+00
9.635897874832153320e-01
1.066473722457885742e+00
1.003210902214050293e+00
1.046092271804809570e+00
1.052515745162963867e+00
1.001648306846618652e+00
1.023874759674072266e+00
1.125836730003356934e+00
1.014292120933532715e+00
1.100524902343750000e+00
1.025039315223693848e+00
9.795081019401550293e-01
9.519737362861633301e-01
1.037385106086730957e+00
9.636705517768859863e-01
1.078987360000610352e+00
1.035363316535949707e+00
1.002473592758178711e+00
9.940025806427001953e-01
1.053038001060485840e+00
9.764409065246582031e-01
1.193785905838012695e+00
1.043476939201354980e+00
1.019995450973510742e+00
1.037799477577209473e+00
1.008500576019287109e+00
1.138930320739746094e+00
1.012428283691406250e+00
9.981000423431396484e-01
1.012673020362854004e+00
1.119302868843078613e+00
9.570639133453369141e-01
1.104751229286193848e+00
1.067504048347473145e+00
1.053212642669677734e+00
1.027279019355773926e+00
1.020333290100097656e+00
1.004437088966369629e+00
1.037910819053649902e+00
1.070594072341918945e+00
1.104345440864562988e+00
1.068001270294189453e+00
9.862890839576721191e-01
1.203081727027893066e+00
1.050408005714416504e+00
1.017087221145629883e+00
1.003120541572570801e+00
1.072899699211120605e+00
1.035902142524719238e+00
9.721897840499877930e-01
1.026156067848205566e+00
1.104207992553710938e+00
1.102299451828002930e+00
1.030725240707397461e+00
1.075800776481628418e+00
1.068004727363586426e+00
9.745985865592956543e-01
1.062224864959716797e+00
9.734547734260559082e-01
1.135866761207580566e+00
9.926641583442687988e-01
1.043957471847534180e+00
1.112131834030151367e+00
1.037561058998107910e+00
1.067158102989196777e+00
1.116693496704101562e+00
1.100359559059143066e+00
1.075707554817199707e+00
1.020162224769592285e+00
1.058611035346984863e+00
1.031253218650817871e+00
1.066948890686035156e+00
1.016979098320007324e+00
1.002996325492858887e+00
1.070337891578674316e+00
1.108016729354858398e+00
9.652916789054870605e-01
9.862445592880249023e-01
1.057228565216064453e+00
9.561154246330261230e-01
9.373061656951904297e-01
9.919664859771728516e-01
9.421094059944152832e-01
1.101348638534545898e+00
9.620850682258605957e-01
1.083903789520263672e+00
1.014597654342651367e+00
9.832614660263061523e-01
1.002485990524291992e+00
1.126171946525573730e+00
1.026843547821044922e+00
1.030734062194824219e+00
9.936335086822509766e-01
1.027891635894775391e+00
1.125258088111877441e+00
1.041536450386047363e+00
1.069636583328247070e+00
1.156517624855041504e+00
9.768360257148742676e-01
1.054938673973083496e+00
1.030052542686462402e+00
9.625306725502014160e-01
1.022578835487365723e+00
1.023818850517272949e+00
9.995316863059997559e-01
9.922849535942077637e-01
9.270374774932861328e-01
1.160490274429321289e+00
9.851546883583068848e-01
1.010570526123046875e+00
1.028918981552124023e+00
1.025458812713623047e+00
1.158855557441711426e+00
9.247875213623046875e-01
1.084109902381896973e+00
9.916280508041381836e-01
1.111020922660827637e+00
9.895568490028381348e-01
1.056382536888122559e+00
9.633678197860717773e-01
1.005707263946533203e+00
1.080774068832397461e+00
1.059402465820312500e+00
1.000185966491699219e+00
1.077494621276855469e+00
9.794070124626159668e-01
1.094516515731811523e+00
1.085548639297485352e+00
9.545145630836486816e-01
1.089367389678955078e+00
9.895536303520202637e-01
1.019049882888793945e+00
1.054827451705932617e+00
9.991647601127624512e-01
1.016507625579833984e+00
1.149223327636718750e+00
1.041426301002502441e+00
1.152976155281066895e+00
1.163392543792724609e+00
9.417634010314941406e-01
1.039077401161193848e+00
9.667263627052307129e-01
9.308981895446777344e-01
1.026457428932189941e+00
1.073118567466735840e+00
1.033929467201232910e+00
9.375333189964294434e-01
1.100065350532531738e+00
1.168939709663391113e+00
1.054641962051391602e+00
1.026320815086364746e+00
1.090384364128112793e+00
1.056629419326782227e+00
1.150399088859558105e+00
1.086647748947143555e+00
9.472222924232482910e-01
1.000251770019531250e+00
1.112625598907470703e+00
1.025267004966735840e+00
1.016137838363647461e+00
1.118935585021972656e+00
1.117226481437683105e+00
1.026928544044494629e+00
9.988348484039306641e-01
1.101539611816406250e+00
1.084449529647827148e+00
1.002682805061340332e+00
9.987882971763610840e-01
1.087191939353942871e+00
1.030660748481750488e+00
9.559840559959411621e-01
1.000348567962646484e+00
9.815869331359863281e-01
1.018425941467285156e+00
1.009532809257507324e+00
1.126453638076782227e+00
9.523330330848693848e-01
1.050318121910095215e+00
1.034988522529602051e+00
1.088923931121826172e+00
1.061356544494628906e+00
9.726814031600952148e-01
1.056243419647216797e+00
9.813492298126220703e-01
1.124758124351501465e+00
1.037281274795532227e+00
1.073956727981567383e+00
1.073643684387207031e+00
1.098286151885986328e+00
1.022247195243835449e+00
1.039823651313781738e+00
1.018760561943054199e+00
1.071789383888244629e+00
1.090704083442687988e+00
1.151538252830505371e+00
9.836992621421813965e-01
1.003296017646789551e+00
1.052997350692749023e+00
9.556347727775573730e-01
1.194752573966979980e+00
1.050935387611389160e+00
1.107504844665527344e+00
1.022264122962951660e+00
9.804677367210388184e-01
9.790142774581909180e-01
1.087312579154968262e+00
9.887701869010925293e-01
1.008656978607177734e+00
1.070476531982421875e+00
1.186428070068359375e+00
9.936844706535339355e-01
1.081668734550476074e+00
1.036538720130920410e+00
1.019968271255493164e+00
1.008042335510253906e+00
1.050351858139038086e+00
1.102567434310913086e+00
9.546155929565429688e-01
1.060929536819458008e+00
9.804435372352600098e-01
1.018331885337829590e+00
9.718102812767028809e-01
9.665268659591674805e-01
1.007677674293518066e+00
1.092721104621887207e+00
9.363341927528381348e-01
9.967591762542724609e-01
9.506348371505737305e-01
1.086354136466979980e+00
9.343926906585693359e-01
1.030593633651733398e+00
1.008243441581726074e+00
1.061858892440795898e+00
1.013642430305480957e+00
9.813040494918823242e-01
1.003149390220642090e+00
1.025249481201171875e+00
1.012318372726440430e+00
9.853922724723815918e-01
1.055871367454528809e+00
9.568960070610046387e-01
1.067464590072631836e+00
1.008557558059692383e+00
9.797042012214660645e-01
1.023829340934753418e+00
9.697931408882141113e-01
9.379863142967224121e-01
1.003453254699707031e+00
1.025924801826477051e+00
9.925571084022521973e-01
1.027304887771606445e+00
1.032316923141479492e+00
1.023712396621704102e+00
1.033510446548461914e+00
1.064277768135070801e+00
1.120364189147949219e+00
9.479639530181884766e-01
9.728494286537170410e-01
9.123002290725708008e-01
1.095909595489501953e+00
1.163285017013549805e+00
1.085795044898986816e+00
1.047478318214416504e+00
9.865118861198425293e-01
1.051205277442932129e+00
1.045655131340026855e+00
1.028959631919860840e+00
9.806061387062072754e-01
1.043200731277465820e+00
1.123289585113525391e+00
1.054965734481811523e+00
1.025532960891723633e+00
1.070342302322387695e+00
1.115084767341613770e+00
1.048218846321105957e+00
1.000431895256042480e+00
9.877118468284606934e-01
1.078622341156005859e+00
1.039706945419311523e+00
1.059802651405334473e+00
1.118509054183959961e+00
1.025843620300292969e+00
1.011707067489624023e+00
9.976099133491516113e-01
1.120298624038696289e+00
1.027127265930175781e+00
1.061796426773071289e+00
1.047597408294677734e+00
1.018013000488281250e+00
9.867008328437805176e-01
1.024726867675781250e+00
9.683501720428466797e-01
1.050708770751953125e+00
1.021091938018798828e+00
1.015302896499633789e+00
1.108602404594421387e+00
1.021525621414184570e+00
1.037115335464477539e+00
1.022376060485839844e+00
1.095839858055114746e+00
1.023549079895019531e+00
1.042311191558837891e+00
9.634026885032653809e-01
1.064345002174377441e+00
1.028986215591430664e+00
1.016556859016418457e+00
1.059248328208923340e+00
1.085340619087219238e+00
1.046177625656127930e+00
1.033885478973388672e+00
1.008697152137756348e+00
1.113656759262084961e+00
1.095975756645202637e+00
1.209642291069030762e+00
1.023202896118164062e+00
9.940290451049804688e-01
1.058285713195800781e+00
1.027608394622802734e+00
1.046898484230041504e+00
1.164854168891906738e+00
1.012242436408996582e+00
1.099727034568786621e+00
1.072566866874694824e+00
9.902202486991882324e-01
9.395987391471862793e-01
1.164484620094299316e+00
1.065668940544128418e+00
1.026926994323730469e+00
1.064450263977050781e+00
9.941707253456115723e-01
1.034162402153015137e+00
1.149309396743774414e+00
1.049167156219482422e+00
9.780268669128417969e-01
9.782674312591552734e-01
1.132398605346679688e+00
1.088103771209716797e+00
1.050740957260131836e+00
1.043880343437194824e+00
9.811819195747375488e-01
1.145253181457519531e+00
1.006816387176513672e+00
1.026101589202880859e+00
1.074524879455566406e+00
1.096590995788574219e+00
1.113115549087524414e+00
1.064179658889770508e+00
1.030036211013793945e+00
1.164581179618835449e+00
1.053115844726562500e+00
1.035623192787170410e+00
1.051042199134826660e+00
1.044273495674133301e+00
1.010241150856018066e+00
1.066411375999450684e+00
9.941788911819458008e-01
1.007136702537536621e+00
1.045661926269531250e+00
1.072707176208496094e+00
9.340104460716247559e-01
1.022123336791992188e+00
1.014616250991821289e+00
1.042457580566406250e+00
1.090327739715576172e+00
1.077971816062927246e+00
1.059221863746643066e+00
9.554640650749206543e-01
9.848253130912780762e-01
9.828397035598754883e-01
1.142382860183715820e+00
1.076428532600402832e+00
1.002790927886962891e+00
1.079343557357788086e+00
1.054726243019104004e+00
1.022292256355285645e+00
9.623266458511352539e-01
1.048589229583740234e+00
1.008719444274902344e+00
1.092507362365722656e+00
1.051380634307861328e+00
1.154667019844055176e+00
1.074594259262084961e+00
1.030529737472534180e+00
1.089801788330078125e+00
1.143707394599914551e+00
9.752901196479797363e-01
1.040426015853881836e+00
1.062144875526428223e+00
1.039938330650329590e+00
1.025942087173461914e+00
1.009525537490844727e+00
1.041534304618835449e+00
1.030134797096252441e+00
1.036144137382507324e+00
1.131925106048583984e+00
1.010373115539550781e+00
1.007185220718383789e+00
9.980171322822570801e-01
1.112917065620422363e+00
9.852666854858398438e-01
1.016123294830322266e+00
1.037344813346862793e+00
1.052678823471069336e+00
1.014298319816589355e+00
8.995881080627441406e-01
1.011162757873535156e+00
1.069860696792602539e+00
1.042160630226135254e+00
1.017556548118591309e+00
1.085193514823913574e+00
1.041801571846008301e+00
1.055665850639343262e+00
9.800240397453308105e-01
1.048843264579772949e+00
1.001174569129943848e+00
9.978228807449340820e-01
9.613775014877319336e-01
1.061158657073974609e+00
1.043141365051269531e+00
1.121314525604248047e+00
9.991592764854431152e-01
1.047514915466308594e+00
1.014183282852172852e+00
1.100389242172241211e+00
1.042950034141540527e+00
1.042314529418945312e+00
1.012416481971740723e+00
9.671744704246520996e-01
