4.786288738250732422e+00
-1.753875732421875000e+01
-8.271925926208496094e+00
-4.105425834655761719e+00
-1.630130529403686523e+00
5.697920322418212891e+00
-7.553861141204833984e+00
3.698940038681030273e+00
-7.482875347137451172e+00
9.201112985610961914e-01
-7.859866619110107422e+00
7.105652689933776855e-01
1.325196552276611328e+01
-2.830385684967041016e+00
1.070927333831787109e+01
9.439090490341186523e-01
-1.342929744720458984e+01
-1.529677987098693848e+00
5.791093826293945312e+00
-4.758510589599609375e+00
-2.495394229888916016e+00
5.575530052185058594e+00
-2.712868750095367432e-01
-6.971877098083496094e+00
-6.065291404724121094e+00
-6.442684173583984375e+00
-5.429028987884521484e+00
2.308899879455566406e+00
6.669112682342529297e+00
-5.616136550903320312e+00
2.514101266860961914e-01
-1.155172348022460938e+00
2.514343976974487305e+00
1.706286549568176270e+00
-5.844525337219238281e+00
8.286688804626464844e+00
1.088970541954040527e+00
4.426358222961425781e+00
7.014140129089355469e+00
-2.389302968978881836e+00
5.304434299468994141e+00
2.344558238983154297e+00
-5.844136238098144531e+00
-1.017681717872619629e+00
7.334583282470703125e+00
-5.925020694732666016e+00
3.506979465484619141e+00
-5.331137180328369141e-01
5.310184955596923828e+00
9.676275253295898438e+00
4.274552822113037109e+00
-1.188549518585205078e+01
-2.406405508518218994e-01
4.884912490844726562e+00
-1.085817098617553711e+00
-3.683876991271972656e+00
-6.067452907562255859e+00
6.849551677703857422e+00
-2.608310222625732422e+00
-3.326634168624877930e-01
3.201305270195007324e-01
3.561811923980712891e+00
5.689081549644470215e-01
-4.103372573852539062e+00
-8.570316433906555176e-01
-2.728361368179321289e+00
-5.750272274017333984e+00
1.256531476974487305e+00
1.163449096679687500e+01
6.554820060729980469e+00
-5.282735824584960938e-01
3.000359535217285156e+00
-5.888800621032714844e+00
4.277677536010742188e+00
-4.961343288421630859e+00
-5.035484313964843750e+00
-3.343208074569702148e+00
2.011597156524658203e+00
-4.178880453109741211e-01
7.005032539367675781e+00
-4.897752761840820312e+00
7.682327270507812500e+00
-8.228704452514648438e+00
4.987890720367431641e+00
7.079400539398193359e+00
4.092087745666503906e-01
1.291492819786071777e+00
-7.295033931732177734e-01
1.684828042984008789e+00
-4.919865608215332031e+00
-6.246860504150390625e+00
-2.844130039215087891e+00
-8.365144729614257812e+00
-6.657021045684814453e+00
1.001161289215087891e+01
1.738687276840209961e+00
-2.281862020492553711e+00
8.860045433044433594e+00
-5.982533454895019531e+00
9.161381721496582031e+00
-5.752901554107666016e+00
-4.064865112304687500e+00
-4.396389961242675781e+00
5.148095130920410156e+00
-1.144500541687011719e+01
1.210400104522705078e+00
8.995426177978515625e+00
-1.193859958648681641e+01
7.578087806701660156e+00
8.598552703857421875e+00
-1.391582202911376953e+01
-1.483818888664245605e-01
-1.358453035354614258e-01
7.965978145599365234e+00
-2.201726675033569336e+00
5.331285953521728516e+00
-5.677421092987060547e+00
-9.970374107360839844e+00
4.848643302917480469e+00
-2.015149593353271484e+00
3.608212471008300781e+00
1.610623359680175781e+01
3.371329545974731445e+00
7.570097923278808594e+00
-1.812090158462524414e+00
-3.580818176269531250e+00
-4.554805278778076172e+00
-1.136105298995971680e+00
6.511697292327880859e+00
1.377309322357177734e+00
1.215464973449707031e+01
8.733190536499023438e+00
2.219976902008056641e+00
7.635895252227783203e+00
1.950912475585937500e+00
-9.802221298217773438e+00
2.374236345291137695e+00
1.776667118072509766e+00
4.416568279266357422e-01
-7.421331405639648438e+00
-4.563729763031005859e+00
-9.487261176109313965e-01
-1.863066434860229492e+00
-3.634917259216308594e+00
8.329065322875976562e+00
-4.093103408813476562e-01
7.951060295104980469e+00
2.712145805358886719e+00
3.589659452438354492e+00
5.514983654022216797e+00
-6.121909141540527344e+00
-4.754361152648925781e+00
-4.262691974639892578e+00
-1.752901196479797363e+00
3.018132686614990234e+00
-7.114749908447265625e+00
9.600965499877929688e+00
-4.652020931243896484e+00
4.142689108848571777e-01
8.700433969497680664e-01
-4.472991943359375000e+00
-9.796375274658203125e+00
2.836967468261718750e+00
-3.908239841461181641e+00
4.803924083709716797e+00
9.420523643493652344e-01
-7.408775806427001953e+00
6.192963123321533203e+00
-7.948740005493164062e+00
-1.878649711608886719e+00
8.150159835815429688e+00
-6.877992153167724609e+00
-3.243847608566284180e+00
-3.164438962936401367e+00
3.520838737487792969e+00
1.002722167968750000e+01
-1.383330249786376953e+01
-2.966901063919067383e+00
-1.043708229064941406e+01
8.968530654907226562e+00
8.806464195251464844e+00
7.279276847839355469e+00
3.606443405151367188e+00
-2.961626768112182617e+00
1.349094963073730469e+01
-8.332215309143066406e+00
-2.546628952026367188e+00
1.833375573158264160e+00
5.540344238281250000e+00
5.106452465057373047e+00
6.219748020172119141e+00
8.412835597991943359e-01
2.581787586212158203e+00
-1.882302999496459961e+00
-5.565324783325195312e+00
8.291364669799804688e+00
-4.708330631256103516e+00
-7.433031558990478516e+00
5.179326057434082031e+00
1.248346710205078125e+01
2.271265029907226562e+00
1.597283244132995605e+00
-2.214257001876831055e+00
-1.981125354766845703e+00
3.234551429748535156e+00
8.602362632751464844e+00
-5.866240978240966797e+00
-7.502568721771240234e+00
6.711332321166992188e+00
-5.122569084167480469e+00
-8.197794914245605469e+00
8.604992866516113281e+00
-6.392871379852294922e+00
4.576872825622558594e+00
-9.088981628417968750e+00
3.508148431777954102e+00
-2.299795627593994141e+00
7.456911563873291016e+00
-3.881792545318603516e+00
6.067348003387451172e+00
1.577754116058349609e+01
-1.025150012969970703e+01
5.441363811492919922e+00
-5.333120822906494141e+00
1.284989237785339355e+00
1.734189867973327637e+00
1.352973222732543945e+00
6.792591810226440430e-01
-7.911336898803710938e+00
-1.092174720764160156e+01
-1.141708254814147949e+00
-5.820163726806640625e+00
-1.016781806945800781e+01
5.437590122222900391e+00
3.443472146987915039e+00
-2.448194026947021484e+00
-3.192697763442993164e+00
-6.281941890716552734e+00
2.466413736343383789e+00
6.178522706031799316e-01
3.370087146759033203e-01
3.242150545120239258e+00
-2.840465068817138672e+00
2.844407558441162109e+00
-4.167477607727050781e+00
1.016976642608642578e+01
1.110738754272460938e+01
2.733810663223266602e+00
8.931206464767456055e-01
-2.330401659011840820e+00
-7.075368404388427734e+00
-6.500181674957275391e+00
-6.395532608032226562e+00
-4.407082200050354004e-01
-4.521225929260253906e+00
4.912127971649169922e+00
-2.782975673675537109e+00
-9.819824218750000000e+00
3.065759420394897461e+00
-1.053538894653320312e+01
-1.699129104614257812e+00
5.953114986419677734e+00
-6.964128494262695312e+00
-5.895394325256347656e+00
-4.396052956581115723e-01
-6.701063156127929688e+00
5.404182910919189453e+00
1.105347251892089844e+01
5.815951824188232422e+00
-1.450887489318847656e+01
-8.999790191650390625e+00
-1.085811233520507812e+01
5.842380523681640625e+00
-3.675601720809936523e+00
1.266777420043945312e+01
-9.277997970581054688e+00
-3.655722618103027344e+00
4.998539447784423828e+00
-7.329855918884277344e+00
5.295854091644287109e+00
4.040146350860595703e+00
2.091226339340209961e+00
6.593828678131103516e+00
1.042963504791259766e+01
8.940666198730468750e+00
-3.006220340728759766e+00
-2.580439329147338867e+00
-5.120334625244140625e+00
-1.221293330192565918e+00
5.984296321868896484e+00
-4.314482212066650391e+00
1.670677423477172852e+00
8.550635337829589844e+00
4.146650433540344238e-01
3.863004922866821289e+00
-5.812459945678710938e+00
-6.547702789306640625e+00
3.764285445213317871e-01
5.280076503753662109e+00
1.291805386543273926e+00
-8.810631752014160156e+00
1.009460735321044922e+01
1.440554022789001465e+00
7.278153419494628906e+00
-7.709857940673828125e+00
-9.038668632507324219e+00
4.947843074798583984e+00
-9.830168724060058594e+00
-2.375074863433837891e+00
-5.182154774665832520e-01
2.303111553192138672e+00
5.995825290679931641e+00
-7.889238357543945312e+00
6.520868778228759766e+00
-3.116328239440917969e+00
2.569030046463012695e+00
6.453233242034912109e+00
9.410470008850097656e+00
-5.332425117492675781e+00
2.374541044235229492e+00
6.801151752471923828e+00
-7.026885509490966797e+00
1.930249929428100586e+00
4.658368587493896484e+00
-1.103455162048339844e+01
3.674101829528808594e+00
5.444394588470458984e+00
7.737105369567871094e+00
4.577517032623291016e+00
-5.789378643035888672e+00
-4.683222293853759766e+00
-4.120460033416748047e+00
1.077832698822021484e+01
-6.677170753479003906e+00
6.384690761566162109e+00
-7.243205070495605469e+00
-6.588197708129882812e+00
-3.283114910125732422e+00
-8.669692993164062500e+00
-4.176977157592773438e+00
-6.328221797943115234e+00
9.310569763183593750e+00
-7.221024513244628906e+00
1.184072017669677734e+01
1.203354167938232422e+01
1.271415315568447113e-02
3.874505758285522461e+00
3.005827426910400391e+00
1.623601913452148438e+00
1.095696687698364258e+00
-9.717321395874023438e+00
-6.406805992126464844e+00
3.276645660400390625e+00
1.301398277282714844e+00
4.929190635681152344e+00
-2.386398792266845703e+00
6.797155857086181641e+00
-7.082612037658691406e+00
-1.003989505767822266e+01
-8.120119094848632812e+00
2.168340921401977539e+00
-4.288042068481445312e+00
1.669656038284301758e-01
-4.789056777954101562e+00
-7.859400749206542969e+00
-1.484257727861404419e-01
-1.007651996612548828e+01
-8.045981407165527344e+00
-4.507333755493164062e+00
-1.108642387390136719e+01
6.260174274444580078e+00
3.017813682556152344e+00
1.137121295928955078e+01
-6.964318275451660156e+00
-7.882307052612304688e+00
-6.106778383255004883e-01
-4.075633525848388672e+00
-6.105107307434082031e+00
3.097021341323852539e+00
-7.201795578002929688e-01
4.769933700561523438e+00
-9.309832572937011719e+00
1.022173976898193359e+01
-4.136406898498535156e+00
-3.310763359069824219e+00
1.162483882904052734e+01
-1.210593357682228088e-01
-9.236535072326660156e+00
3.476545333862304688e+00
1.100112724304199219e+01
6.874864578247070312e+00
9.932286143302917480e-01
8.202256202697753906e+00
-6.394136905670166016e+00
-7.521609306335449219e+00
-9.923441886901855469e+00
-3.085245132446289062e+00
7.660399436950683594e+00
1.664717674255371094e+00
-1.436854267120361328e+01
