2.114061035156250000e+03
1.939454345703125000e+03
4.398562500000000000e+03
1.657530761718750000e+03
1.523459838867187500e+03
1.830805297851562500e+03
2.585748046875000000e+03
2.198656250000000000e+03
1.328390502929687500e+03
2.121533691406250000e+03
3.688406494140625000e+03
2.396472412109375000e+03
1.285367309570312500e+03
1.517775146484375000e+03
1.387668823242187500e+03
3.291901367187500000e+03
4.038367431640625000e+03
2.298692138671875000e+03
5.805623535156250000e+03
2.187861328125000000e+03
1.603942504882812500e+03
1.946507080078125000e+03
2.424209472656250000e+03
1.105556152343750000e+03
1.788576782226562500e+03
1.545767578125000000e+03
1.159641113281250000e+03
2.079190917968750000e+03
1.946492919921875000e+03
2.631392822265625000e+03
6.720223632812500000e+03
3.610934082031250000e+03
3.580700927734375000e+03
1.654750122070312500e+03
1.827458862304687500e+03
5.297713378906250000e+03
1.603006835937500000e+03
1.651949340820312500e+03
3.409333740234375000e+03
2.774984863281250000e+03
1.294828857421875000e+03
2.578556152343750000e+03
1.429158569335937500e+03
4.275828125000000000e+03
7.515785522460937500e+02
1.788255004882812500e+03
1.085201416015625000e+03
1.684244384765625000e+03
2.076314697265625000e+03
1.279467285156250000e+03
2.175197753906250000e+03
2.225491943359375000e+03
9.814619750976562500e+02
1.821200683593750000e+03
1.921564575195312500e+03
2.065752685546875000e+03
1.764134155273437500e+03
1.928369384765625000e+03
5.068320800781250000e+03
1.964944335937500000e+03
2.567843750000000000e+03
3.428033935546875000e+03
1.097587768554687500e+03
1.583735229492187500e+03
2.852141357421875000e+03
7.659965820312500000e+02
2.481633789062500000e+03
3.381585693359375000e+03
1.266039550781250000e+03
1.837251464843750000e+03
1.567784912109375000e+03
1.927766357421875000e+03
1.488840820312500000e+03
1.055870727539062500e+03
1.683561157226562500e+03
1.771721679687500000e+03
2.410843261718750000e+03
2.671681884765625000e+03
2.480662841796875000e+03
3.280025146484375000e+03
2.846062011718750000e+03
1.778846923828125000e+03
1.509722412109375000e+03
1.460928466796875000e+03
1.832249633789062500e+03
2.276512207031250000e+03
3.485194580078125000e+03
2.277367187500000000e+03
1.948294799804687500e+03
3.288382324218750000e+03
2.660004638671875000e+03
2.299274169921875000e+03
1.698701293945312500e+03
1.716220703125000000e+03
2.302144775390625000e+03
1.933388061523437500e+03
7.295402832031250000e+02
2.728257324218750000e+03
2.270354492187500000e+03
2.259164062500000000e+03
1.682814208984375000e+03
6.521380371093750000e+03
3.197365234375000000e+03
3.422557128906250000e+03
2.360509765625000000e+03
2.088896240234375000e+03
1.783441894531250000e+03
1.404619506835937500e+03
1.295789184570312500e+03
1.450918945312500000e+03
2.614655029296875000e+03
1.272483032226562500e+03
1.610274414062500000e+03
1.879520019531250000e+03
2.565526123046875000e+03
1.430079467773437500e+03
2.152800781250000000e+03
1.435466674804687500e+03
5.791854492187500000e+03
1.542428466796875000e+03
1.980491821289062500e+03
2.333737792968750000e+03
1.680583862304687500e+03
1.418140991210937500e+03
1.902421264648437500e+03
1.629000976562500000e+03
2.059439941406250000e+03
1.326743896484375000e+03
2.066366943359375000e+03
1.820049316406250000e+03
1.274627075195312500e+03
4.136323242187500000e+03
1.321212768554687500e+03
2.650338134765625000e+03
3.393388183593750000e+03
2.077963623046875000e+03
1.012902038574218750e+03
1.763398071289062500e+03
2.353169433593750000e+03
4.997235839843750000e+03
2.237501953125000000e+03
2.003138916015625000e+03
4.225945800781250000e+03
1.651370971679687500e+03
2.281367919921875000e+03
1.661313720703125000e+03
1.452422241210937500e+03
2.333742187500000000e+03
1.561039306640625000e+03
3.112561279296875000e+03
4.470965820312500000e+03
1.281180786132812500e+03
1.462668945312500000e+03
3.076728271484375000e+03
2.083545410156250000e+03
1.909985717773437500e+03
1.672204223632812500e+03
2.936480712890625000e+03
1.399991333007812500e+03
1.924511230468750000e+03
2.934817871093750000e+03
2.070259033203125000e+03
2.081654541015625000e+03
1.024278930664062500e+03
1.429313354492187500e+03
1.662984008789062500e+03
2.032458984375000000e+03
1.471145019531250000e+03
2.218729736328125000e+03
1.390963012695312500e+03
1.253841796875000000e+03
9.416482543945312500e+02
2.710165527343750000e+03
8.704213256835937500e+02
1.642377441406250000e+03
2.220056640625000000e+03
4.067507324218750000e+03
1.942873657226562500e+03
2.767950683593750000e+03
1.836408447265625000e+03
1.916389648437500000e+03
2.910593017578125000e+03
2.982079589843750000e+03
1.759625976562500000e+03
1.519284545898437500e+03
2.988477783203125000e+03
1.998348754882812500e+03
4.308945800781250000e+03
1.416681640625000000e+03
3.587500244140625000e+03
2.152109130859375000e+03
1.113388671875000000e+03
2.175982666015625000e+03
1.438671386718750000e+03
1.921858886718750000e+03
3.175373046875000000e+03
2.439473144531250000e+03
2.779998291015625000e+03
9.503105468750000000e+02
2.100327880859375000e+03
2.345190185546875000e+03
1.963302856445312500e+03
4.853296875000000000e+03
1.868169189453125000e+03
1.632794067382812500e+03
2.042867919921875000e+03
2.222294921875000000e+03
1.301174438476562500e+03
2.385427001953125000e+03
2.355323974609375000e+03
2.436266357421875000e+03
4.455811035156250000e+03
1.371242065429687500e+03
2.276440429687500000e+03
2.439159667968750000e+03
1.598895507812500000e+03
1.845411254882812500e+03
1.542612548828125000e+03
3.453502685546875000e+03
1.348013671875000000e+03
1.586540039062500000e+03
2.147247070312500000e+03
1.378136230468750000e+03
1.804667968750000000e+03
2.379191162109375000e+03
4.231915527343750000e+03
2.989007324218750000e+03
2.910365234375000000e+03
3.726576660156250000e+03
4.394006835937500000e+03
2.001426147460937500e+03
1.551951293945312500e+03
1.239691406250000000e+03
2.027031494140625000e+03
1.294468627929687500e+03
3.771694091796875000e+03
3.818418945312500000e+03
2.177613525390625000e+03
2.173413330078125000e+03
1.781004638671875000e+03
1.566961791992187500e+03
1.962411499023437500e+03
1.889275268554687500e+03
3.945097412109375000e+03
1.694505859375000000e+03
1.784234252929687500e+03
9.648289794921875000e+02
3.128708496093750000e+03
2.541080566406250000e+03
2.475245849609375000e+03
1.117838500976562500e+03
1.984941528320312500e+03
1.414607421875000000e+03
3.743516845703125000e+03
1.709673828125000000e+03
2.184176025390625000e+03
4.349780761718750000e+03
1.833688476562500000e+03
1.027474853515625000e+03
1.549230468750000000e+03
2.062225097656250000e+03
1.267214355468750000e+03
1.876131958007812500e+03
3.973124511718750000e+03
2.814474121093750000e+03
2.226184326171875000e+03
4.772637207031250000e+03
1.777219970703125000e+03
1.276506958007812500e+03
3.088841552734375000e+03
2.116483642578125000e+03
3.882594238281250000e+03
1.562968383789062500e+03
1.318615478515625000e+03
1.484348266601562500e+03
1.245429687500000000e+03
4.653677734375000000e+03
2.068532958984375000e+03
2.078882324218750000e+03
1.649241088867187500e+03
1.513022216796875000e+03
1.275200927734375000e+03
1.046747680664062500e+03
2.348287841796875000e+03
2.479586669921875000e+03
2.079931396484375000e+03
1.750973632812500000e+03
1.892985839843750000e+03
1.359609497070312500e+03
1.952816894531250000e+03
2.471862304687500000e+03
2.016685424804687500e+03
2.650491943359375000e+03
2.824889404296875000e+03
2.786682128906250000e+03
2.194141601562500000e+03
1.794922973632812500e+03
1.517638183593750000e+03
2.107684326171875000e+03
1.270173950195312500e+03
1.620260131835937500e+03
2.845763671875000000e+03
2.370466064453125000e+03
3.941631835937500000e+03
2.678509277343750000e+03
1.783902099609375000e+03
1.324240966796875000e+03
2.923786376953125000e+03
1.620469970703125000e+03
3.588396728515625000e+03
1.329978881835937500e+03
8.087398681640625000e+02
1.054431640625000000e+03
1.525123168945312500e+03
1.447604125976562500e+03
1.887729980468750000e+03
1.710803222656250000e+03
9.963494873046875000e+02
3.487863281250000000e+03
1.422593261718750000e+03
3.054131347656250000e+03
2.082977294921875000e+03
2.327227294921875000e+03
2.352418457031250000e+03
8.840136718750000000e+02
3.557665039062500000e+03
3.403047607421875000e+03
2.533445800781250000e+03
2.121382568359375000e+03
2.070182128906250000e+03
3.063803955078125000e+03
1.241584106445312500e+03
1.940809692382812500e+03
3.006871826171875000e+03
3.018881347656250000e+03
2.603217041015625000e+03
4.945090820312500000e+03
4.658285644531250000e+03
2.496081054687500000e+03
3.008981933593750000e+03
5.290740234375000000e+03
3.125976806640625000e+03
6.745041992187500000e+03
2.338288330078125000e+03
2.556477539062500000e+03
4.544536621093750000e+03
1.769843505859375000e+03
1.965570800781250000e+03
1.531055908203125000e+03
1.188855102539062500e+03
5.103817871093750000e+03
2.698086914062500000e+03
2.220058105468750000e+03
1.700062744140625000e+03
1.482762573242187500e+03
3.871852294921875000e+03
2.175950927734375000e+03
1.903860351562500000e+03
2.204903808593750000e+03
2.326918212890625000e+03
1.586811645507812500e+03
1.974874267578125000e+03
2.030810546875000000e+03
4.496799804687500000e+03
2.227429687500000000e+03
1.090856811523437500e+03
1.866638671875000000e+03
3.588390625000000000e+03
1.687059326171875000e+03
1.519329101562500000e+03
2.591359619140625000e+03
2.943695312500000000e+03
1.724767700195312500e+03
1.041026489257812500e+03
1.428305786132812500e+03
2.380103271484375000e+03
3.091244873046875000e+03
2.704312255859375000e+03
1.844682128906250000e+03
4.500440429687500000e+03
3.943069091796875000e+03
2.451629394531250000e+03
1.906695190429687500e+03
1.930174926757812500e+03
2.732482421875000000e+03
1.686845336914062500e+03
2.526740234375000000e+03
2.512826904296875000e+03
1.957129882812500000e+03
1.291294677734375000e+03
1.323844726562500000e+03
3.713422363281250000e+03
2.014293701171875000e+03
5.321897949218750000e+03
1.926720092773437500e+03
1.527158081054687500e+03
8.684434814453125000e+02
2.466395996093750000e+03
1.357895019531250000e+03
1.907361450195312500e+03
