1.030037999153137207e+00
1.040838003158569336e+00
9.259859323501586914e-01
1.082100510597229004e+00
9.846388101577758789e-01
9.884054064750671387e-01
8.988260030746459961e-01
9.707852005958557129e-01
1.001476645469665527e+00
1.024691939353942871e+00
9.536707997322082520e-01
9.925330281257629395e-01
1.019922614097595215e+00
1.021854043006896973e+00
9.863491654396057129e-01
1.004171609878540039e+00
1.013379693031311035e+00
9.747287631034851074e-01
9.043106436729431152e-01
9.984533786773681641e-01
1.050283670425415039e+00
9.701669812202453613e-01
9.950888752937316895e-01
1.041297674179077148e+00
9.908646345138549805e-01
1.004364609718322754e+00
9.958106875419616699e-01
1.044954180717468262e+00
9.762156605720520020e-01
1.058772563934326172e+00
1.061929702758789062e+00
9.960803985595703125e-01
1.040584325790405273e+00
1.002778410911560059e+00
9.308245778083801270e-01
9.045854806900024414e-01
1.079177498817443848e+00
9.787694811820983887e-01
1.020971894264221191e+00
1.045802712440490723e+00
1.018396973609924316e+00
1.007157683372497559e+00
1.020048260688781738e+00
1.002730011940002441e+00
9.759464859962463379e-01
1.008616089820861816e+00
9.828077554702758789e-01
1.018390417098999023e+00
9.412197470664978027e-01
9.757971763610839844e-01
1.009950518608093262e+00
1.008618593215942383e+00
9.682998657226562500e-01
1.043900012969970703e+00
1.017310380935668945e+00
1.006456494331359863e+00
1.041940212249755859e+00
9.960979819297790527e-01
9.956365823745727539e-01
1.047523021697998047e+00
9.887509942054748535e-01
1.049084067344665527e+00
1.008525371551513672e+00
9.812120795249938965e-01
9.901078343391418457e-01
1.008017420768737793e+00
9.619624614715576172e-01
9.855871796607971191e-01
9.975863695144653320e-01
9.870250821113586426e-01
1.018568634986877441e+00
1.027020573616027832e+00
1.007412433624267578e+00
9.617955684661865234e-01
9.956777691841125488e-01
9.971603751182556152e-01
1.007473707199096680e+00
1.074411153793334961e+00
1.004531145095825195e+00
9.472432732582092285e-01
1.000258326530456543e+00
1.042837023735046387e+00
1.018056869506835938e+00
1.072452545166015625e+00
9.374867677688598633e-01
9.492465853691101074e-01
9.978604912757873535e-01
1.026020884513854980e+00
9.837047457695007324e-01
9.832351207733154297e-01
1.023845672607421875e+00
9.692718982696533203e-01
1.098281741142272949e+00
1.003321290016174316e+00
9.516271352767944336e-01
1.041055202484130859e+00
9.720960259437561035e-01
1.045480251312255859e+00
9.575634002685546875e-01
1.008018255233764648e+00
1.042592287063598633e+00
1.022583007812500000e+00
9.750778079032897949e-01
9.601883888244628906e-01
1.031526327133178711e+00
1.058673858642578125e+00
1.032062649726867676e+00
9.980428218841552734e-01
9.897010922431945801e-01
1.011467456817626953e+00
1.020291924476623535e+00
9.691014289855957031e-01
1.024269819259643555e+00
9.674578309059143066e-01
1.000194191932678223e+00
9.718545079231262207e-01
1.040039658546447754e+00
1.013418197631835938e+00
9.192351698875427246e-01
1.006959080696105957e+00
1.062408447265625000e+00
9.820716381072998047e-01
1.028975248336791992e+00
1.004017829895019531e+00
1.012649416923522949e+00
9.673476219177246094e-01
1.028275728225708008e+00
1.015822768211364746e+00
1.035731673240661621e+00
1.014033436775207520e+00
9.827111959457397461e-01
9.304615855216979980e-01
1.017893791198730469e+00
9.788168072700500488e-01
9.634745717048645020e-01
1.033472180366516113e+00
1.077881217002868652e+00
1.017234921455383301e+00
9.513512253761291504e-01
9.867208600044250488e-01
9.089500308036804199e-01
1.009215474128723145e+00
1.041298627853393555e+00
1.011420130729675293e+00
1.018471598625183105e+00
1.014694333076477051e+00
9.584223031997680664e-01
9.873237609863281250e-01
9.670242667198181152e-01
1.014310956001281738e+00
9.104725122451782227e-01
1.003522872924804688e+00
9.999185204505920410e-01
1.027174949645996094e+00
9.908910989761352539e-01
9.728876948356628418e-01
1.099040031433105469e+00
9.396784305572509766e-01
9.723037481307983398e-01
1.013285636901855469e+00
1.000644445419311523e+00
1.052752137184143066e+00
1.014103651046752930e+00
1.054535388946533203e+00
9.887708425521850586e-01
1.032435536384582520e+00
9.898379445075988770e-01
9.801055788993835449e-01
1.096193194389343262e+00
9.966615438461303711e-01
1.067737221717834473e+00
9.658153653144836426e-01
1.034665942192077637e+00
1.010098457336425781e+00
1.014072537422180176e+00
9.995245337486267090e-01
1.011908054351806641e+00
1.012571573257446289e+00
9.968482851982116699e-01
1.005866050720214844e+00
1.008830904960632324e+00
1.004371881484985352e+00
1.023791193962097168e+00
1.062402844429016113e+00
1.001531362533569336e+00
9.458107948303222656e-01
9.463891983032226562e-01
1.021216392517089844e+00
9.780793786048889160e-01
9.872627258300781250e-01
9.605181813240051270e-01
9.740377068519592285e-01
1.059330821037292480e+00
1.003456473350524902e+00
9.944419264793395996e-01
9.969978928565979004e-01
1.047003388404846191e+00
1.051271677017211914e+00
1.042924761772155762e+00
1.028601169586181641e+00
1.024658799171447754e+00
1.020060896873474121e+00
9.906032681465148926e-01
1.000549554824829102e+00
9.750859141349792480e-01
1.065788745880126953e+00
1.083592653274536133e+00
1.023762583732604980e+00
9.764553308486938477e-01
1.012023687362670898e+00
1.043736100196838379e+00
9.039916396141052246e-01
1.083589076995849609e+00
1.011988520622253418e+00
1.023932218551635742e+00
1.004878640174865723e+00
9.753438234329223633e-01
9.692488312721252441e-01
1.040190935134887695e+00
9.748188853263854980e-01
9.721060991287231445e-01
1.012814283370971680e+00
1.044326901435852051e+00
1.043914079666137695e+00
9.901977777481079102e-01
1.021228671073913574e+00
9.943683743476867676e-01
1.020542025566101074e+00
9.657360911369323730e-01
9.317264556884765625e-01
1.040680050849914551e+00
9.665128588676452637e-01
1.002303361892700195e+00
9.971707463264465332e-01
1.036581635475158691e+00
1.046888828277587891e+00
1.023711562156677246e+00
1.026523590087890625e+00
1.027862668037414551e+00
1.031062126159667969e+00
1.050403833389282227e+00
1.023907780647277832e+00
9.526451826095581055e-01
1.032683372497558594e+00
1.022045850753784180e+00
9.832144975662231445e-01
1.029226303100585938e+00
9.502226710319519043e-01
9.855332374572753906e-01
9.587706923484802246e-01
1.007137537002563477e+00
9.957138299942016602e-01
9.757205247879028320e-01
1.049844741821289062e+00
1.001926422119140625e+00
1.043274998664855957e+00
1.033155918121337891e+00
1.031652450561523438e+00
1.017579913139343262e+00
1.030761837959289551e+00
9.859440326690673828e-01
9.749286174774169922e-01
9.811931848526000977e-01
9.145085811614990234e-01
1.005151987075805664e+00
1.024798035621643066e+00
9.848594665527343750e-01
1.003294229507446289e+00
9.986100792884826660e-01
9.167325496673583984e-01
1.083907604217529297e+00
1.044919848442077637e+00
1.019262671470642090e+00
1.018512487411499023e+00
9.482728242874145508e-01
9.474618434906005859e-01
9.153999686241149902e-01
1.016136765480041504e+00
9.921947717666625977e-01
1.047216176986694336e+00
1.016510486602783203e+00
9.987902045249938965e-01
1.028446912765502930e+00
1.027865767478942871e+00
1.023263931274414062e+00
1.034382581710815430e+00
1.058835864067077637e+00
1.021866559982299805e+00
1.038713932037353516e+00
1.043231248855590820e+00
1.013110876083374023e+00
1.036097049713134766e+00
1.030594348907470703e+00
1.021203517913818359e+00
9.328829050064086914e-01
1.027181744575500488e+00
1.059084296226501465e+00
1.026631593704223633e+00
1.047321081161499023e+00
9.715422391891479492e-01
1.027076721191406250e+00
9.346616864204406738e-01
9.592956304550170898e-01
9.850913286209106445e-01
9.300460219383239746e-01
1.020272254943847656e+00
1.036540031433105469e+00
1.012309670448303223e+00
1.019786596298217773e+00
9.885118007659912109e-01
9.278587698936462402e-01
1.054992437362670898e+00
9.875779151916503906e-01
9.890103936195373535e-01
1.025012373924255371e+00
1.026729822158813477e+00
9.565681219100952148e-01
9.903375506401062012e-01
1.039829730987548828e+00
9.598166942596435547e-01
1.017041802406311035e+00
1.028000354766845703e+00
1.011013150215148926e+00
1.037412762641906738e+00
9.901206493377685547e-01
1.024716615676879883e+00
9.693357944488525391e-01
1.037359714508056641e+00
1.017143845558166504e+00
1.027012586593627930e+00
1.009820938110351562e+00
9.380165338516235352e-01
9.826272726058959961e-01
1.031360507011413574e+00
1.033749341964721680e+00
1.077044725418090820e+00
1.004526495933532715e+00
9.744623899459838867e-01
9.966482520103454590e-01
9.878872632980346680e-01
8.804497718811035156e-01
1.002583861351013184e+00
1.054012775421142578e+00
1.011679649353027344e+00
1.069103240966796875e+00
9.496043324470520020e-01
9.864013195037841797e-01
1.062481403350830078e+00
1.043875932693481445e+00
1.019675970077514648e+00
1.000943899154663086e+00
9.610377550125122070e-01
1.011243820190429688e+00
9.266679883003234863e-01
1.058956146240234375e+00
9.323843121528625488e-01
9.893243312835693359e-01
1.038036227226257324e+00
1.003472566604614258e+00
9.464151859283447266e-01
9.919037818908691406e-01
1.003619670867919922e+00
9.031584262847900391e-01
9.976769089698791504e-01
9.884857535362243652e-01
9.843124151229858398e-01
9.894675016403198242e-01
1.046088576316833496e+00
1.001428365707397461e+00
1.029922842979431152e+00
1.013444542884826660e+00
1.040806889533996582e+00
1.052008032798767090e+00
1.020098209381103516e+00
9.587706923484802246e-01
1.003029465675354004e+00
9.772555232048034668e-01
9.702192544937133789e-01
9.521392583847045898e-01
9.885810613632202148e-01
1.012484908103942871e+00
1.069293141365051270e+00
1.045808553695678711e+00
9.956719875335693359e-01
1.027978181838989258e+00
1.050927758216857910e+00
9.232378005981445312e-01
1.040334701538085938e+00
9.744331240653991699e-01
1.022405743598937988e+00
1.042359828948974609e+00
1.000632524490356445e+00
9.657350182533264160e-01
9.739472270011901855e-01
9.827798008918762207e-01
1.032098531723022461e+00
9.995795488357543945e-01
1.056904673576354980e+00
9.769685864448547363e-01
9.993096590042114258e-01
