-5.883030593395233154e-02
-4.255712404847145081e-02
4.104231484234333038e-03
-8.937251754105091095e-03
-2.899860776960849762e-02
-4.663843661546707153e-02
-6.263027340173721313e-02
-6.263338029384613037e-02
-1.061803773045539856e-01
7.643673568964004517e-02
-3.029770590364933014e-02
-9.856976568698883057e-03
2.033310942351818085e-02
6.779973953962326050e-02
4.576059430837631226e-02
-2.288372814655303955e-02
6.740832328796386719e-02
-2.502886578440666199e-02
1.460879482328891754e-02
-3.433949872851371765e-02
1.414900086820125580e-02
6.584483385086059570e-02
1.238317601382732391e-02
-6.405463814735412598e-02
4.861235152930021286e-03
-4.736799746751785278e-02
6.222024932503700256e-02
-3.699263185262680054e-02
-1.584229618310928345e-02
-8.499488979578018188e-02
-1.293510198593139648e-02
-4.932213947176933289e-02
1.108697280287742615e-01
3.081736154854297638e-02
-8.512151427567005157e-03
3.639349341392517090e-02
-3.220944851636886597e-02
-2.793802134692668915e-02
-1.040452253073453903e-02
-7.357729971408843994e-02
-1.289144903421401978e-02
1.246539410203695297e-02
-5.005978420376777649e-02
9.411670267581939697e-02
5.895150080323219299e-02
-5.289259552955627441e-02
2.078260295093059540e-02
4.761831078212708235e-04
4.332692921161651611e-02
-1.462316140532493591e-02
-1.764728128910064697e-02
-8.409066498279571533e-02
-5.109869316220283508e-02
1.994066312909126282e-02
-3.520579636096954346e-02
4.625846818089485168e-02
-1.980621926486492157e-02
5.109716206789016724e-02
-1.409080624580383301e-01
-4.662152379751205444e-02
-3.720368817448616028e-02
-6.535511463880538940e-02
-5.389706417918205261e-02
7.177730649709701538e-02
2.866878733038902283e-02
5.252275150269269943e-03
1.057934947311878204e-02
6.643040571361780167e-03
3.829410299658775330e-02
-1.382745895534753799e-02
1.296118646860122681e-01
-5.041097104549407959e-02
2.763891778886318207e-02
-4.709180444478988647e-02
-1.031262055039405823e-02
-7.455906271934509277e-02
7.005663588643074036e-03
-2.475605905055999756e-02
-2.509044483304023743e-02
1.512092072516679764e-02
1.050237566232681274e-02
-2.281007543206214905e-02
-5.199932307004928589e-02
-4.039225727319717407e-02
4.374999925494194031e-02
1.394171081483364105e-02
-2.294723689556121826e-02
-4.180429875850677490e-02
5.689552426338195801e-02
4.526968672871589661e-02
2.507283352315425873e-02
3.353836946189403534e-03
-1.583103463053703308e-02
-7.629518210887908936e-02
9.094025194644927979e-02
6.210374087095260620e-02
2.341608982533216476e-03
-2.424511872231960297e-02
1.042255237698554993e-01
8.054009079933166504e-02
-2.585063688457012177e-02
-7.431333512067794800e-02
5.179639160633087158e-02
4.751643538475036621e-02
-8.971127867698669434e-02
1.297762542963027954e-01
-2.831228449940681458e-02
-4.031358286738395691e-02
-1.053272187709808350e-02
-3.645800752565264702e-03
4.928787704557180405e-03
1.474221702665090561e-02
2.727811224758625031e-02
-3.366268053650856018e-02
6.610068678855895996e-02
3.499538451433181763e-02
-2.503946609795093536e-02
-7.967157289385795593e-03
2.885593799874186516e-03
2.000563405454158783e-02
-2.898210473358631134e-02
-7.415024191141128540e-02
5.295827984809875488e-02
-4.528258740901947021e-02
5.810415372252464294e-02
-5.994968581944704056e-03
-4.142438992857933044e-02
4.803755134344100952e-02
1.189438439905643463e-02
4.642747342586517334e-02
5.028190091252326965e-03
-4.444017261266708374e-02
-2.484402805566787720e-02
1.942839444382116199e-04
-7.833854109048843384e-02
7.914942689239978790e-03
7.095026224851608276e-02
7.676165550947189331e-02
1.402768120169639587e-02
5.149151012301445007e-02
4.839266836643218994e-02
-2.135548926889896393e-02
4.251029342412948608e-02
-6.464279443025588989e-02
-5.047212168574333191e-02
4.279841855168342590e-02
-1.685255020856857300e-02
-6.364545971155166626e-02
7.705277763307094574e-03
6.928600370883941650e-02
2.189664868637919426e-03
-2.699409425258636475e-02
2.830430306494235992e-02
-3.905302379280328751e-03
9.604793041944503784e-03
4.389602690935134888e-02
3.854276984930038452e-02
-4.659109190106391907e-02
4.117598757147789001e-03
2.507525496184825897e-02
2.415601909160614014e-02
3.855934739112854004e-02
-7.067135721445083618e-02
-5.021903291344642639e-02
-7.621962577104568481e-03
-3.739320114254951477e-02
-3.300460800528526306e-02
-6.940208375453948975e-02
-2.086634933948516846e-02
-3.391369432210922241e-02
2.272294461727142334e-02
1.429830212146043777e-02
1.673208177089691162e-02
-1.004821509122848511e-01
4.002505913376808167e-02
1.984656043350696564e-02
-7.311493158340454102e-02
-1.967083476483821869e-02
-7.862458378076553345e-02
-6.801835261285305023e-03
5.374692007899284363e-02
-1.101647969335317612e-02
3.637415543198585510e-02
5.920954421162605286e-02
-1.558527350425720215e-02
1.451807469129562378e-02
1.319839269854128361e-03
3.648949787020683289e-02
-1.209328137338161469e-02
1.088200807571411133e-01
-1.485588774085044861e-02
2.650387585163116455e-03
-1.070366874337196350e-01
3.100672736763954163e-02
-8.672247640788555145e-03
2.433433430269360542e-03
-5.473750829696655273e-02
-8.425336331129074097e-02
-1.164789795875549316e-01
7.072538137435913086e-02
1.369017409160733223e-03
-5.144712328910827637e-02
-2.062216028571128845e-02
5.626092106103897095e-02
3.207125142216682434e-02
6.817827373743057251e-02
-2.226829715073108673e-02
9.820893406867980957e-02
3.495919704437255859e-02
-3.379950765520334244e-03
3.805724671110510826e-03
-2.586113475263118744e-02
1.969035714864730835e-02
-3.182148095220327377e-03
-4.759283363819122314e-02
-9.519059211015701294e-02
3.000907413661479950e-02
-8.416405320167541504e-02
-4.593028500676155090e-02
2.130861859768629074e-03
-5.698735639452934265e-02
-1.620401442050933838e-02
9.671587496995925903e-03
-3.684544004499912262e-03
8.335538953542709351e-02
-2.436738647520542145e-02
4.732604138553142548e-03
-4.367383569478988647e-02
6.355411559343338013e-02
-9.417058527469635010e-02
-1.696833781898021698e-02
1.097080186009407043e-01
1.692800968885421753e-02
-1.040358934551477432e-02
-4.971635341644287109e-02
3.911901265382766724e-02
-5.967485532164573669e-02
1.178012043237686157e-02
2.743744477629661560e-02
4.874154925346374512e-02
-3.327359631657600403e-02
6.941487640142440796e-02
-3.342701494693756104e-02
-2.594898454844951630e-02
-1.962790032848715782e-03
-1.766541786491870880e-02
-2.472881227731704712e-03
6.498624570667743683e-03
4.788022488355636597e-02
1.113093271851539612e-02
-3.306945413351058960e-02
-2.199304103851318359e-02
-3.692979738116264343e-02
-3.260196000337600708e-02
-3.284706920385360718e-02
-4.195531085133552551e-02
4.301161691546440125e-02
1.850594207644462585e-02
-2.223762217909097672e-03
3.129124268889427185e-02
-8.022233098745346069e-02
-3.195842355489730835e-02
4.037619009613990784e-02
-3.132344409823417664e-02
-1.392335444688796997e-02
-9.685382246971130371e-02
-3.386098146438598633e-02
1.213997751474380493e-01
2.818167954683303833e-02
1.683220826089382172e-02
-1.069015786051750183e-01
8.733578957617282867e-03
-6.095651537179946899e-02
3.177172318100929260e-02
-1.192776709794998169e-01
-8.725509792566299438e-02
-1.350760161876678467e-01
2.795718424022197723e-02
3.732945770025253296e-02
-5.046151950955390930e-02
3.882060758769512177e-03
2.252563275396823883e-02
-3.189467638731002808e-02
-3.686060756444931030e-02
5.313631147146224976e-02
4.696532711386680603e-02
-3.472716733813285828e-02
1.089255437254905701e-01
2.253786101937294006e-02
5.012016743421554565e-02
-2.933040261268615723e-02
-6.073874980211257935e-02
-5.218137428164482117e-02
2.889487706124782562e-02
-6.610432267189025879e-02
6.265109777450561523e-02
-4.621102288365364075e-02
-2.682599052786827087e-02
4.396128654479980469e-02
-1.031533721834421158e-02
7.597958296537399292e-02
1.086557134985923767e-01
1.707596518099308014e-02
-6.560409069061279297e-02
-5.575018748641014099e-02
7.025278359651565552e-02
-1.068538986146450043e-02
-6.390704959630966187e-02
-8.047701418399810791e-02
-7.468356937170028687e-02
-2.495671808719635010e-02
2.629414666444063187e-05
2.470319531857967377e-02
8.064138703048229218e-03
-5.712827667593955994e-02
9.181922301650047302e-03
6.220120191574096680e-02
-7.808648049831390381e-03
-5.936687067151069641e-02
-4.350158572196960449e-02
-2.816164167597889900e-03
-4.062292724847793579e-02
-6.820338603574782610e-05
-6.491198390722274780e-02
8.091295138001441956e-03
-3.799917921423912048e-02
-2.332231216132640839e-02
-1.608973369002342224e-02
-1.099294647574424744e-01
4.891035705804824829e-02
-3.725860640406608582e-02
4.722091183066368103e-02
8.240998722612857819e-03
4.269303288310766220e-03
-3.082540445029735565e-02
7.468114793300628662e-02
-1.299140509217977524e-03
-5.829482525587081909e-02
7.243945449590682983e-02
-5.587831884622573853e-02
-8.392393938265740871e-04
1.445063948631286621e-02
2.048533596098423004e-02
4.981996491551399231e-02
-1.122515928000211716e-02
-1.041952171362936497e-03
4.453962296247482300e-02
-4.254489019513130188e-02
9.157770313322544098e-03
1.296540908515453339e-02
1.268902234733104706e-02
5.103589966893196106e-03
3.583652898669242859e-02
4.568264633417129517e-02
1.183562353253364563e-02
4.081221669912338257e-02
-2.466078102588653564e-02
-8.194364607334136963e-03
-3.767402097582817078e-02
1.524833589792251587e-02
-4.008876532316207886e-02
-1.050382554531097412e-01
-9.249743819236755371e-02
-5.321887880563735962e-02
6.044581532478332520e-03
2.865351550281047821e-02
2.281970158219337463e-02
1.201066374778747559e-02
2.199383266270160675e-02
1.954544335603713989e-02
2.061578212305903435e-03
1.311180274933576584e-02
-6.356206536293029785e-02
-5.643058568239212036e-02
-4.530132189393043518e-02
-1.162742637097835541e-02
-7.190011907368898392e-03
-6.470336765050888062e-02
5.353442952036857605e-02
1.261408533900976181e-02
-2.364252228289842606e-03
-1.583894342184066772e-02
5.281028524041175842e-02
3.655103966593742371e-02
6.185210123658180237e-02
-3.749877959489822388e-02
4.992320016026496887e-02
-5.273357778787612915e-02
-4.848953709006309509e-02
5.654589459300041199e-02
1.226839702576398849e-02
-1.850522123277187347e-02
-3.460727259516716003e-02
2.705425489693880081e-03
8.109834045171737671e-02
2.478247322142124176e-02
1.388384588062763214e-02
-5.710062105208635330e-03
3.141833469271659851e-02
4.028586670756340027e-02
