3.149478515625000000e+03
3.045182861328125000e+03
2.016708618164062500e+03
3.351023681640625000e+03
4.039981689453125000e+03
3.349402343750000000e+03
2.895550781250000000e+03
2.714488037109375000e+03
3.531241210937500000e+03
4.291858886718750000e+03
3.050451904296875000e+03
3.509415771484375000e+03
2.401901367187500000e+03
7.443316894531250000e+03
4.279960937500000000e+03
2.788365966796875000e+03
2.068071777343750000e+03
2.417843261718750000e+03
2.087715576171875000e+03
1.411806640625000000e+03
2.742169433593750000e+03
2.412853515625000000e+03
3.241106689453125000e+03
2.443427001953125000e+03
2.948897216796875000e+03
3.575059082031250000e+03
3.712441406250000000e+03
1.172559082031250000e+03
4.761687011718750000e+03
4.602992675781250000e+03
1.790968994140625000e+03
1.346540893554687500e+03
2.502094482421875000e+03
2.326139404296875000e+03
3.489515380859375000e+03
2.360269042968750000e+03
1.923614379882812500e+03
1.540069091796875000e+03
4.104979003906250000e+03
2.780032470703125000e+03
3.436956787109375000e+03
4.746684082031250000e+03
2.598819580078125000e+03
3.002806396484375000e+03
1.870026855468750000e+03
2.896751708984375000e+03
2.017921630859375000e+03
3.945744628906250000e+03
2.702363525390625000e+03
2.820451416015625000e+03
3.199954101562500000e+03
2.290311767578125000e+03
2.131487304687500000e+03
4.388430664062500000e+03
2.881432861328125000e+03
3.361842041015625000e+03
2.728262695312500000e+03
2.996474853515625000e+03
5.019491210937500000e+03
3.339017089843750000e+03
2.704164062500000000e+03
3.656142822265625000e+03
4.224489746093750000e+03
3.437718505859375000e+03
5.764822265625000000e+03
3.537393310546875000e+03
3.119661621093750000e+03
2.070593261718750000e+03
2.454890380859375000e+03
4.574327148437500000e+03
4.977987792968750000e+03
2.127370361328125000e+03
2.412989990234375000e+03
3.167259521484375000e+03
3.871355712890625000e+03
3.958528320312500000e+03
1.955181152343750000e+03
3.429576416015625000e+03
4.368160644531250000e+03
4.432318359375000000e+03
2.545240234375000000e+03
2.922112792968750000e+03
3.616644775390625000e+03
3.462688720703125000e+03
4.896043945312500000e+03
2.798293701171875000e+03
1.864004150390625000e+03
2.849872802734375000e+03
1.908524291992187500e+03
2.909251953125000000e+03
2.755338378906250000e+03
1.403031372070312500e+03
4.009256347656250000e+03
4.254228515625000000e+03
2.444014160156250000e+03
2.605962158203125000e+03
3.941284423828125000e+03
3.697264404296875000e+03
3.235423828125000000e+03
1.432033569335937500e+03
3.700288818359375000e+03
1.733734008789062500e+03
2.060481201171875000e+03
2.926960937500000000e+03
3.331928222656250000e+03
3.904031005859375000e+03
3.314368408203125000e+03
2.613107421875000000e+03
2.255240722656250000e+03
4.967648437500000000e+03
3.598129150390625000e+03
3.657514892578125000e+03
1.691390869140625000e+03
4.023402099609375000e+03
4.558630371093750000e+03
2.298168945312500000e+03
3.399616943359375000e+03
1.719552612304687500e+03
3.311248779296875000e+03
2.218110107421875000e+03
1.975936523437500000e+03
2.513151123046875000e+03
2.363287353515625000e+03
1.944507812500000000e+03
4.101948730468750000e+03
2.556466552734375000e+03
1.441938842773437500e+03
1.555643554687500000e+03
3.745736083984375000e+03
2.583282470703125000e+03
2.611308837890625000e+03
1.936064453125000000e+03
2.146858154296875000e+03
1.880919067382812500e+03
1.965735351562500000e+03
2.665520263671875000e+03
3.588810058593750000e+03
4.555294433593750000e+03
3.093504638671875000e+03
3.826883789062500000e+03
3.631142089843750000e+03
4.469074218750000000e+03
4.272077636718750000e+03
1.315974731445312500e+03
2.051957763671875000e+03
3.680051513671875000e+03
4.470959472656250000e+03
4.457784179687500000e+03
3.031262451171875000e+03
2.619148681640625000e+03
3.408541748046875000e+03
2.704098144531250000e+03
2.220844238281250000e+03
2.540098876953125000e+03
3.982384521484375000e+03
1.636158325195312500e+03
3.214463623046875000e+03
3.324218994140625000e+03
3.504480224609375000e+03
2.001625366210937500e+03
2.499500732421875000e+03
3.565290771484375000e+03
3.818454833984375000e+03
1.928957153320312500e+03
3.983659179687500000e+03
2.282455566406250000e+03
3.728370361328125000e+03
3.769867187500000000e+03
2.235728027343750000e+03
1.378166137695312500e+03
1.899805908203125000e+03
1.788128540039062500e+03
4.050803955078125000e+03
4.256890136718750000e+03
3.190377197265625000e+03
2.796320312500000000e+03
4.382898437500000000e+03
1.465450805664062500e+03
6.055971191406250000e+03
2.870512939453125000e+03
5.019357910156250000e+03
2.446628173828125000e+03
2.510361083984375000e+03
1.796142456054687500e+03
1.753637329101562500e+03
2.962885742187500000e+03
4.029616210937500000e+03
1.807425292968750000e+03
3.371057617187500000e+03
4.396168945312500000e+03
2.176019775390625000e+03
3.636976074218750000e+03
2.140497314453125000e+03
2.418586181640625000e+03
3.362808837890625000e+03
2.184005859375000000e+03
4.174079101562500000e+03
2.809839599609375000e+03
1.577915161132812500e+03
1.531210083007812500e+03
7.035389160156250000e+03
2.289905273437500000e+03
1.361183593750000000e+03
1.656866821289062500e+03
2.750009277343750000e+03
2.673405517578125000e+03
3.960976806640625000e+03
3.406669677734375000e+03
5.099937988281250000e+03
3.275702148437500000e+03
1.971602539062500000e+03
3.724433349609375000e+03
2.598716308593750000e+03
3.525556152343750000e+03
2.147041503906250000e+03
3.653437744140625000e+03
3.648949218750000000e+03
1.132848266601562500e+03
3.360011474609375000e+03
3.476795166015625000e+03
3.141114257812500000e+03
2.516033447265625000e+03
4.514064941406250000e+03
4.739567871093750000e+03
3.098507568359375000e+03
1.891924072265625000e+03
3.743967773437500000e+03
4.632080078125000000e+03
3.644332275390625000e+03
6.036024414062500000e+03
3.122354492187500000e+03
3.376799316406250000e+03
4.915154296875000000e+03
4.012267822265625000e+03
3.632675537109375000e+03
2.363416259765625000e+03
2.372572998046875000e+03
1.949747924804687500e+03
3.195053466796875000e+03
2.480082763671875000e+03
1.128640502929687500e+03
2.647910644531250000e+03
2.280900878906250000e+03
1.686859130859375000e+03
2.634426757812500000e+03
2.668738769531250000e+03
1.902515991210937500e+03
2.775447265625000000e+03
4.067848876953125000e+03
4.565975585937500000e+03
3.562208740234375000e+03
1.993384399414062500e+03
4.075220214843750000e+03
2.337972167968750000e+03
3.859469726562500000e+03
4.974964355468750000e+03
3.799559570312500000e+03
2.028917602539062500e+03
2.637809570312500000e+03
1.850994628906250000e+03
2.548174072265625000e+03
2.283302978515625000e+03
1.821368530273437500e+03
4.067957519531250000e+03
4.598197265625000000e+03
2.664391601562500000e+03
2.759642822265625000e+03
1.818906250000000000e+03
2.765107177734375000e+03
4.311991210937500000e+03
2.503874755859375000e+03
4.429735351562500000e+03
3.675140625000000000e+03
3.048408935546875000e+03
2.624692871093750000e+03
3.648920410156250000e+03
4.066122070312500000e+03
2.101600830078125000e+03
3.455919921875000000e+03
4.504073730468750000e+03
3.441639160156250000e+03
5.064407226562500000e+03
1.108222167968750000e+03
1.844891235351562500e+03
4.008000976562500000e+03
4.471826660156250000e+03
1.252823974609375000e+03
4.517492187500000000e+03
1.307372192382812500e+03
3.100792968750000000e+03
2.431979736328125000e+03
2.697035644531250000e+03
3.449385009765625000e+03
3.817057617187500000e+03
2.363348876953125000e+03
3.233608642578125000e+03
1.916546997070312500e+03
3.152562988281250000e+03
2.973135498046875000e+03
3.680070312500000000e+03
