8.754731416702270508e-01
8.482072353363037109e-01
7.183977365493774414e-01
7.826934456825256348e-01
9.541146159172058105e-01
8.812543749809265137e-01
7.676108479499816895e-01
8.316143155097961426e-01
8.508251905441284180e-01
9.772837162017822266e-01
7.682129144668579102e-01
7.047136425971984863e-01
8.514107465744018555e-01
8.293040394783020020e-01
8.756237626075744629e-01
6.495602726936340332e-01
8.677752614021301270e-01
8.353448510169982910e-01
7.341408729553222656e-01
8.605677485466003418e-01
8.449918627738952637e-01
9.115403890609741211e-01
8.846241235733032227e-01
8.714228868484497070e-01
7.100129723548889160e-01
8.232232928276062012e-01
9.566448330879211426e-01
7.843405604362487793e-01
8.578181862831115723e-01
8.498004674911499023e-01
7.491689324378967285e-01
8.894499540328979492e-01
7.305825948715209961e-01
9.677318930625915527e-01
7.062733769416809082e-01
8.736366629600524902e-01
9.156965017318725586e-01
7.385154366493225098e-01
8.840785026550292969e-01
8.237749338150024414e-01
8.572402000427246094e-01
6.381490230560302734e-01
8.131448626518249512e-01
7.438201904296875000e-01
7.853565812110900879e-01
8.486281037330627441e-01
7.587237954139709473e-01
6.711196899414062500e-01
8.370152115821838379e-01
9.371667504310607910e-01
9.491061568260192871e-01
8.083322644233703613e-01
7.727043628692626953e-01
8.768602013587951660e-01
6.529271006584167480e-01
7.240448594093322754e-01
8.679834604263305664e-01
6.737668514251708984e-01
7.828067541122436523e-01
9.746773838996887207e-01
7.084511518478393555e-01
8.460640311241149902e-01
6.943414211273193359e-01
8.263375759124755859e-01
8.674233555793762207e-01
5.104936361312866211e-01
8.628534674644470215e-01
8.787413239479064941e-01
8.991297483444213867e-01
8.165379166603088379e-01
8.777037858963012695e-01
8.193238973617553711e-01
8.809500336647033691e-01
7.796936631202697754e-01
9.131456017494201660e-01
8.924068212509155273e-01
8.674174547195434570e-01
7.103439569473266602e-01
7.430064082145690918e-01
8.624103665351867676e-01
7.586094737052917480e-01
8.298378586769104004e-01
4.966469109058380127e-01
7.375124096870422363e-01
8.732984662055969238e-01
7.514973282814025879e-01
8.407590389251708984e-01
6.969666481018066406e-01
9.231660366058349609e-01
7.889469265937805176e-01
8.294886350631713867e-01
8.559592962265014648e-01
6.793727874755859375e-01
6.761543750762939453e-01
7.916539907455444336e-01
9.943910241127014160e-01
9.442394971847534180e-01
9.372346401214599609e-01
5.722946524620056152e-01
8.957380056381225586e-01
8.389171957969665527e-01
8.989194035530090332e-01
8.853382468223571777e-01
8.883858919143676758e-01
8.133190870285034180e-01
6.698248982429504395e-01
8.812462687492370605e-01
8.109751939773559570e-01
8.285960555076599121e-01
7.136350274085998535e-01
8.824392557144165039e-01
7.027475833892822266e-01
7.772160172462463379e-01
5.891546607017517090e-01
7.436935305595397949e-01
8.715904951095581055e-01
9.240055084228515625e-01
9.204268455505371094e-01
6.711505651473999023e-01
8.412628173828125000e-01
8.355113863945007324e-01
6.914370059967041016e-01
8.558691740036010742e-01
9.064658284187316895e-01
7.116384506225585938e-01
6.996510028839111328e-01
7.379589080810546875e-01
8.202140331268310547e-01
9.285118579864501953e-01
7.451301813125610352e-01
8.530378341674804688e-01
7.565717101097106934e-01
7.891156673431396484e-01
8.655785918235778809e-01
7.504684925079345703e-01
7.200718522071838379e-01
9.009903073310852051e-01
7.569916844367980957e-01
9.547281861305236816e-01
9.304990172386169434e-01
6.114417314529418945e-01
6.069169640541076660e-01
9.960153698921203613e-01
7.847808599472045898e-01
8.321315646171569824e-01
8.766749501228332520e-01
5.920149683952331543e-01
8.438410162925720215e-01
8.558012843132019043e-01
7.477447390556335449e-01
7.106188535690307617e-01
8.741796016693115234e-01
8.340781927108764648e-01
8.740668296813964844e-01
8.368248939514160156e-01
8.253195285797119141e-01
7.586048245429992676e-01
8.294302225112915039e-01
8.795450925827026367e-01
9.199392199516296387e-01
7.770327329635620117e-01
6.984256505966186523e-01
6.879076361656188965e-01
6.481659412384033203e-01
8.926632404327392578e-01
7.708484530448913574e-01
7.474870085716247559e-01
7.558661699295043945e-01
9.368994832038879395e-01
8.264508247375488281e-01
7.966569066047668457e-01
8.788990974426269531e-01
6.279512047767639160e-01
6.241107583045959473e-01
9.390715956687927246e-01
8.627907037734985352e-01
8.931797146797180176e-01
9.038344025611877441e-01
8.180790543556213379e-01
7.126234769821166992e-01
7.800658941268920898e-01
7.416214346885681152e-01
9.233067035675048828e-01
8.493689894676208496e-01
9.208047389984130859e-01
8.776494860649108887e-01
8.608815670013427734e-01
8.306645750999450684e-01
7.034968137741088867e-01
8.405697345733642578e-01
9.291947484016418457e-01
6.602343916893005371e-01
8.572240471839904785e-01
6.945083737373352051e-01
7.199110984802246094e-01
8.794485926628112793e-01
7.832143902778625488e-01
8.491967320442199707e-01
9.376569986343383789e-01
7.533056139945983887e-01
8.550052642822265625e-01
7.844055891036987305e-01
1.017830133438110352e+00
8.490237593650817871e-01
6.568837165832519531e-01
8.384767770767211914e-01
9.038790464401245117e-01
7.685627937316894531e-01
6.924538016319274902e-01
7.596337795257568359e-01
8.761695623397827148e-01
8.044633865356445312e-01
7.002062201499938965e-01
7.654266953468322754e-01
9.019535779953002930e-01
8.632560372352600098e-01
9.207409024238586426e-01
8.873007297515869141e-01
7.008903622627258301e-01
6.562109589576721191e-01
9.280260801315307617e-01
8.948418498039245605e-01
7.914804816246032715e-01
8.709704279899597168e-01
9.544766545295715332e-01
6.616277694702148438e-01
6.950805783271789551e-01
8.428221344947814941e-01
7.606826424598693848e-01
8.185980319976806641e-01
7.714756727218627930e-01
7.849185466766357422e-01
8.124630451202392578e-01
7.307789921760559082e-01
8.436689972877502441e-01
8.357957601547241211e-01
8.832445740699768066e-01
8.091168403625488281e-01
8.799355030059814453e-01
9.209455251693725586e-01
9.546968340873718262e-01
6.651871204376220703e-01
7.906970977783203125e-01
8.972086310386657715e-01
7.985830903053283691e-01
9.986333250999450684e-01
9.013480544090270996e-01
8.839211463928222656e-01
6.676832437515258789e-01
8.627920150756835938e-01
7.857167720794677734e-01
9.021034240722656250e-01
8.456470966339111328e-01
8.824319243431091309e-01
9.281886219978332520e-01
8.805657029151916504e-01
8.281466960906982422e-01
7.027764320373535156e-01
7.610916495323181152e-01
8.201861977577209473e-01
9.422721862792968750e-01
7.968907952308654785e-01
8.738347291946411133e-01
8.444986939430236816e-01
6.687258481979370117e-01
8.775444626808166504e-01
7.394369840621948242e-01
8.793090581893920898e-01
7.408460974693298340e-01
7.349748015403747559e-01
6.698295474052429199e-01
7.068709731101989746e-01
6.661926507949829102e-01
8.636044859886169434e-01
7.715107798576354980e-01
7.227934598922729492e-01
8.819082379341125488e-01
7.972231507301330566e-01
7.883846163749694824e-01
7.534219622611999512e-01
8.561850190162658691e-01
7.230807542800903320e-01
6.755813360214233398e-01
8.207176923751831055e-01
8.295921683311462402e-01
8.399070501327514648e-01
9.190413951873779297e-01
8.543860912322998047e-01
8.515738248825073242e-01
7.833411693572998047e-01
8.596587777137756348e-01
8.305625319480895996e-01
6.401094794273376465e-01
8.924031257629394531e-01
8.175629377365112305e-01
7.925725579261779785e-01
7.636350989341735840e-01
7.947806119918823242e-01
9.356920123100280762e-01
7.843146920204162598e-01
