-6.883398890495300293e-01
1.401694416999816895e-01
-1.392149209976196289e+00
-2.542424678802490234e+00
-2.750378847122192383e+00
-3.285254478454589844e+00
-6.712091565132141113e-01
-2.165275335311889648e+00
2.176783084869384766e+00
2.095164775848388672e+00
-1.604278683662414551e+00
1.850973725318908691e+00
-7.187067270278930664e-01
-6.911023259162902832e-01
2.245597541332244873e-01
2.409681558609008789e+00
-2.226005077362060547e+00
6.317281126976013184e-01
-4.261635780334472656e+00
1.338054060935974121e+00
1.085165500640869141e+00
1.566864013671875000e+00
-3.851497769355773926e-01
-2.646624088287353516e+00
9.219398498535156250e-01
-4.708971381187438965e-01
-8.498859405517578125e-02
3.918964147567749023e+00
-1.503905653953552246e+00
-2.532724380493164062e+00
-2.960714817047119141e+00
-5.597696453332901001e-02
-1.178031802177429199e+00
2.156450033187866211e+00
-1.774420499801635742e+00
2.030833065509796143e-01
5.958788096904754639e-02
2.553509712219238281e+00
-2.220822095870971680e+00
1.678273200988769531e+00
-9.711070656776428223e-01
1.445120453834533691e+00
4.491718769073486328e+00
-6.045767664909362793e-01
4.636889696121215820e-01
1.157888889312744141e+00
1.456492394208908081e-01
9.945927858352661133e-01
3.798646926879882812e+00
-1.823462247848510742e+00
6.752979159355163574e-01
1.073093414306640625e+00
-8.821330666542053223e-01
1.918279886245727539e+00
-2.462701499462127686e-01
2.895342350006103516e+00
-1.916718244552612305e+00
-1.765344858169555664e+00
-6.934647560119628906e-01
-8.682559728622436523e-01
-1.617834448814392090e+00
-3.927158117294311523e-01
9.544911384582519531e-01
2.790547132492065430e+00
-4.420842230319976807e-02
-3.764802515506744385e-01
1.358139753341674805e+00
-5.884757041931152344e-01
2.696398735046386719e+00
-7.435473203659057617e-01
-2.168097734451293945e+00
-2.032352209091186523e+00
1.737540364265441895e+00
-1.134561061859130859e+00
2.879798173904418945e+00
-1.234587907791137695e+00
2.900190353393554688e+00
1.821860790252685547e+00
2.597958564758300781e+00
-1.117760658264160156e+00
1.988954246044158936e-01
1.606871724128723145e+00
2.683187007904052734e+00
8.498502969741821289e-01
-1.405010819435119629e+00
1.814486980438232422e+00
3.710730075836181641e-01
-2.525042891502380371e-01
-1.180385947227478027e+00
-9.197950363159179688e-01
3.050679445266723633e+00
2.093992948532104492e+00
3.679018259048461914e+00
-1.846177577972412109e+00
2.490551233291625977e+00
1.163417220115661621e+00
-9.045385718345642090e-01
2.238424718379974365e-01
-1.783815026283264160e+00
3.234156370162963867e+00
2.736685752868652344e+00
-5.174472332000732422e-01
4.503164589405059814e-01
1.606493473052978516e+00
2.660955190658569336e+00
-2.941578865051269531e+00
8.871561288833618164e-02
-3.288794994354248047e+00
-2.164595127105712891e+00
2.170144915580749512e-01
-4.949531257152557373e-01
-5.922080576419830322e-02
2.163877725601196289e+00
5.558218359947204590e-01
-1.307680130004882812e+00
-5.510697960853576660e-01
-3.821451961994171143e-01
2.830291271209716797e+00
-6.207231879234313965e-01
4.200256764888763428e-01
-7.289148569107055664e-01
2.914348602294921875e+00
1.111388951539993286e-01
2.224845647811889648e+00
2.881533622741699219e+00
1.706726789474487305e+00
3.505698442459106445e+00
-2.309732198715209961e+00
-4.614497423171997070e-01
1.780386120080947876e-01
1.750251531600952148e+00
-4.055544734001159668e-01
7.696529030799865723e-01
-2.543426752090454102e+00
1.233671426773071289e+00
1.934418797492980957e+00
1.181632518768310547e+00
-3.195288181304931641e+00
-1.513932943344116211e+00
2.098266184329986572e-01
7.034903764724731445e-01
2.195286750793457031e+00
5.296432971954345703e-01
2.981588840484619141e+00
-4.227375984191894531e+00
9.839801192283630371e-01
1.629142999649047852e+00
3.284376263618469238e-01
-9.671417474746704102e-01
2.948150634765625000e+00
-3.326583206653594971e-01
-1.292276382446289062e+00
1.636011600494384766e+00
-1.179566383361816406e+00
-1.250047922134399414e+00
-1.315097510814666748e-01
-1.269741535186767578e+00
-1.248716190457344055e-02
-2.067958354949951172e+00
-2.435438871383666992e+00
7.486110329627990723e-01
-1.562133133411407471e-01
-7.692946791648864746e-01
-1.279747962951660156e+00
-2.019473075866699219e+00
-2.021041393280029297e+00
5.295377969741821289e-01
-3.810188293457031250e+00
-7.634975314140319824e-01
-3.832852840423583984e-01
-1.313294529914855957e+00
8.774876594543457031e-01
-5.481346845626831055e-01
-2.263699769973754883e+00
2.271824032068252563e-01
8.861259222030639648e-01
1.798313379287719727e+00
-1.843159794807434082e+00
-3.415096998214721680e+00
-3.943195939064025879e-02
-1.421270608901977539e+00
2.610609292984008789e+00
1.770982027053833008e+00
-2.918602705001831055e+00
3.244757354259490967e-01
1.178396105766296387e+00
7.462624311447143555e-01
1.650916635990142822e-01
1.142478823661804199e+00
-1.186402916908264160e+00
5.731995105743408203e-01
-9.949356913566589355e-01
-8.332858681678771973e-01
-3.007437944412231445e+00
-1.824618339538574219e+00
2.102011889219284058e-01
-1.197157621383666992e+00
2.020526170730590820e+00
-3.122431278228759766e+00
5.156707763671875000e+00
-1.493282198905944824e+00
4.406070232391357422e+00
-1.674807071685791016e+00
1.689163208007812500e+00
-1.194701313972473145e+00
-4.661948084831237793e-01
-5.351312756538391113e-01
7.014636993408203125e-01
7.343593835830688477e-01
8.616679906845092773e-01
-2.000762701034545898e+00
3.876033782958984375e+00
2.338159561157226562e+00
-2.192160606384277344e+00
-8.514005541801452637e-01
3.891468644142150879e-01
-1.522483527660369873e-01
-2.235523015260696411e-01
1.661414861679077148e+00
2.770573139190673828e+00
-1.658840417861938477e+00
-2.922143638134002686e-01
3.618244230747222900e-01
-2.476067781448364258e+00
1.834191441535949707e+00
-8.999353647232055664e-01
-5.009714961051940918e-01
5.649639964103698730e-01
5.213556885719299316e-01
1.536890745162963867e+00
-1.439833998680114746e+00
4.469754993915557861e-01
-1.815967798233032227e+00
-1.339643448591232300e-01
8.247245550155639648e-01
2.665840387344360352e+00
1.542185068130493164e+00
2.192242860794067383e+00
2.515583992004394531e+00
-2.185976982116699219e+00
1.910857081413269043e+00
-3.939370393753051758e+00
-2.169471502304077148e+00
2.810756564140319824e-01
-1.718597173690795898e+00
8.914844989776611328e-01
1.344645738601684570e+00
2.530647039413452148e+00
3.617694675922393799e-01
2.606517672538757324e-01
3.915064632892608643e-01
-6.465094685554504395e-01
3.575231432914733887e-01
6.411699950695037842e-02
-1.355312824249267578e+00
1.418071269989013672e+00
-2.690116882324218750e+00
7.573078870773315430e-01
-4.494425952434539795e-01
1.445670604705810547e+00
-1.420674324035644531e+00
1.316625237464904785e+00
-5.270170569419860840e-01
3.029173016548156738e-01
-1.097649574279785156e+00
8.781085610389709473e-01
-6.625661253929138184e-01
-4.754652976989746094e-01
1.137565732002258301e+00
1.628463268280029297e+00
1.153210699558258057e-01
-1.885737299919128418e+00
-1.756228208541870117e+00
2.006262302398681641e+00
-2.192199230194091797e+00
-2.177114248275756836e+00
-2.646431326866149902e-01
-5.023130029439926147e-02
1.001344203948974609e+00
3.231025934219360352e+00
8.814294338226318359e-01
-1.784792840480804443e-01
-1.508330225944519043e+00
3.744173645973205566e-01
4.040893554687500000e+00
5.268990993499755859e-03
3.194854259490966797e+00
5.864252448081970215e-01
1.905563116073608398e+00
2.689497232437133789e+00
-1.054790854454040527e+00
-6.299535036087036133e-01
-2.447335720062255859e+00
2.339960098266601562e+00
-8.944871425628662109e-01
-1.815433979034423828e+00
-1.012297749519348145e+00
4.005050659179687500e+00
-8.349079489707946777e-01
-5.069021701812744141e+00
