-4.075210168957710266e-02
-1.201516687870025635e-01
7.002697885036468506e-02
6.918736547231674194e-02
4.916037619113922119e-02
-1.405854970216751099e-01
-2.148445881903171539e-02
5.059681087732315063e-02
-1.881271228194236755e-02
6.624339614063501358e-03
-9.920313023030757904e-03
-4.756061360239982605e-02
-3.163897991180419922e-02
2.332460135221481323e-02
1.504215747117996216e-01
1.540849264711141586e-02
8.440029807388782501e-03
-5.443457514047622681e-02
-9.974057227373123169e-02
8.290328085422515869e-02
1.615190692245960236e-02
3.666403889656066895e-02
4.049236699938774109e-02
-2.204307541251182556e-02
-7.388919591903686523e-02
4.908978193998336792e-02
2.304046414792537689e-02
1.054250076413154602e-01
-3.338443860411643982e-02
-1.521322177723050117e-03
1.002012658864259720e-02
-8.617739193141460419e-03
-7.746390998363494873e-02
2.071222662925720215e-02
5.593150109052658081e-02
-4.884055256843566895e-02
-1.245694607496261597e-01
-5.768728628754615784e-02
7.530786842107772827e-02
9.462407231330871582e-02
5.892548710107803345e-02
1.320943683385848999e-01
1.217403039336204529e-01
1.272211782634258270e-02
5.292246118187904358e-02
-5.488368682563304901e-03
-7.338057737797498703e-03
-8.012773841619491577e-02
1.822916418313980103e-01
-4.798555374145507812e-02
5.691039934754371643e-02
-1.224176213145256042e-01
1.109662950038909912e-01
-9.796552360057830811e-02
-1.807688735425472260e-02
4.681110754609107971e-02
-3.027298860251903534e-02
-5.992473289370536804e-02
-1.919855773448944092e-01
-2.159329131245613098e-03
-3.355659777298569679e-03
4.966407641768455505e-02
1.107984408736228943e-01
-1.088135540485382080e-01
4.231952875852584839e-02
1.481155771762132645e-02
6.553395837545394897e-02
1.307575702667236328e-01
3.275300934910774231e-02
2.593644149601459503e-02
5.693476647138595581e-02
-9.015028178691864014e-02
4.498793557286262512e-02
-9.369684010744094849e-02
-1.215922180563211441e-02
4.018438979983329773e-03
-4.011760652065277100e-02
1.529956609010696411e-01
3.764169663190841675e-02
7.582133263349533081e-02
-7.010122388601303101e-02
-4.309378936886787415e-02
-4.701865091919898987e-02
1.426318101584911346e-02
2.388754114508628845e-02
-1.435513142496347427e-02
1.021784171462059021e-01
-5.402560904622077942e-02
-2.584169059991836548e-02
6.787413358688354492e-02
-5.290720239281654358e-02
-5.126013606786727905e-02
-8.400931209325790405e-02
8.531735837459564209e-02
-6.339287757873535156e-02
1.126794591546058655e-01
3.121406398713588715e-02
5.581113696098327637e-02
8.940447121858596802e-02
-6.292847543954849243e-02
2.675788290798664093e-02
4.210611060261726379e-02
-1.065995693206787109e-01
-3.300277888774871826e-02
7.606309652328491211e-02
1.073358282446861267e-01
6.906162202358245850e-02
-1.305032800883054733e-02
1.318436264991760254e-01
-2.090700902044773102e-02
-3.672823682427406311e-02
-1.376886945217847824e-02
6.856419146060943604e-02
-8.390263468027114868e-02
-4.091343656182289124e-02
3.020009957253932953e-02
-6.716603785753250122e-02
2.713219635188579559e-02
7.135124504566192627e-02
4.449381493031978607e-03
4.417556524276733398e-02
1.346776634454727173e-01
5.059893801808357239e-02
5.118531361222267151e-02
-4.219378158450126648e-02
-3.295930474996566772e-02
8.191732317209243774e-02
-5.670062825083732605e-02
-6.127575039863586426e-02
-5.011201649904251099e-02
1.064314320683479309e-02
-9.111702442169189453e-03
-1.470814645290374756e-01
-4.869155958294868469e-02
2.225088700652122498e-02
2.161203883588314056e-02
-1.194763183593750000e-02
-7.501452416181564331e-02
-8.784345537424087524e-02
2.024512505158782005e-03
6.510341912508010864e-02
4.908684268593788147e-02
-1.058210432529449463e-01
1.653199642896652222e-02
-6.386133283376693726e-02
-9.151086211204528809e-02
9.313225746154785156e-02
1.052221562713384628e-02
1.721650548279285431e-02
-1.423119157552719116e-01
1.989412121474742889e-02
-6.916657835245132446e-02
-8.731877431273460388e-03
-1.316277533769607544e-01
2.426056191325187683e-02
4.898729547858238220e-02
1.679175533354282379e-02
1.850374042987823486e-02
4.239435121417045593e-02
-1.072724722325801849e-02
3.863331675529479980e-02
-2.596007892861962318e-03
-2.767056459560990334e-03
5.951637774705886841e-02
1.737988740205764771e-02
1.427922248840332031e-01
6.195590272545814514e-02
-2.995897084474563599e-02
-8.836935460567474365e-02
1.114146932959556580e-01
5.503972060978412628e-03
-5.959317833185195923e-02
-1.908499002456665039e-02
-5.182384513318538666e-03
1.169183179736137390e-01
4.797104746103286743e-03
1.523858755826950073e-01
-5.788750201463699341e-02
-1.231634803116321564e-02
1.690464019775390625e-01
-6.844033487141132355e-03
8.444077521562576294e-02
5.979789048433303833e-02
-6.596226245164871216e-02
-1.134041026234626770e-01
2.386547566857188940e-04
3.051740862429141998e-02
-7.768279314041137695e-02
6.682220380753278732e-03
5.981910973787307739e-02
-6.255263835191726685e-02
7.122335582971572876e-02
-4.803006537258625031e-03
3.628445416688919067e-02
-1.074444279074668884e-01
7.150864694267511368e-03
2.145936153829097748e-02
8.872427046298980713e-02
-1.579048931598663330e-01
6.090123206377029419e-03
-4.998974502086639404e-03
-9.585566073656082153e-02
1.838627457618713379e-01
-7.796248048543930054e-02
-8.361698687076568604e-02
4.605102539062500000e-02
2.118689380586147308e-02
-2.163519896566867828e-02
-1.367255002260208130e-01
1.917050965130329132e-02
2.067180350422859192e-03
1.166558824479579926e-03
5.428146570920944214e-02
1.285387389361858368e-02
-5.294152721762657166e-02
4.551286622881889343e-02
-9.168341755867004395e-02
7.620079070329666138e-02
-5.199635773897171021e-02
3.128422051668167114e-02
-8.014366030693054199e-03
1.733255200088024139e-02
3.259345516562461853e-02
-2.200673148036003113e-02
-1.655103862285614014e-01
2.631152421236038208e-02
5.689352378249168396e-02
-9.058498591184616089e-02
-1.044687721878290176e-02
3.519044816493988037e-02
1.993845216929912567e-02
2.496629767119884491e-02
-2.756636403501033783e-02
3.152185305953025818e-02
1.255595535039901733e-01
-7.456509768962860107e-02
-3.592637926340103149e-02
6.934149563312530518e-02
1.359639596194028854e-02
-1.147380471229553223e-01
5.963267758488655090e-02
2.321458607912063599e-02
1.503209024667739868e-02
-8.515420556068420410e-02
-2.232933975756168365e-02
1.728786826133728027e-01
2.180128358304500580e-02
-6.185529008507728577e-02
7.481430470943450928e-02
-7.452879846096038818e-02
1.252224110066890717e-02
5.162422079592943192e-03
-7.619722932577133179e-02
3.796291723847389221e-02
5.865195021033287048e-02
-2.294241636991500854e-02
-1.267993729561567307e-02
1.052813604474067688e-02
-3.381169959902763367e-02
-7.900020480155944824e-02
-8.106336928904056549e-03
-2.519839443266391754e-02
-7.279904186725616455e-02
1.003346871584653854e-03
-7.222136855125427246e-02
-2.869043126702308655e-02
3.087718412280082703e-02
4.393665003590285778e-04
-1.392841637134552002e-01
-1.190983690321445465e-02
2.712970413267612457e-02
-1.454289257526397705e-02
-1.102339997887611389e-01
6.179825589060783386e-02
-6.788869202136993408e-02
1.024806648492813110e-01
-7.882419228553771973e-02
-1.295732613652944565e-02
9.825692325830459595e-02
-3.969327732920646667e-02
1.116748526692390442e-01
9.181362390518188477e-02
-2.871593274176120758e-02
-3.008770011365413666e-02
1.524563506245613098e-02
-4.284040257334709167e-02
7.665494829416275024e-02
5.296134203672409058e-02
-7.580311596393585205e-02
-1.075422205030918121e-02
-3.174563124775886536e-02
5.106917023658752441e-02
-6.946174055337905884e-02
4.192442074418067932e-02
-7.327297329902648926e-02
-1.216256096959114075e-01
1.728351265192031860e-01
-1.668285280466079712e-01
-4.513604938983917236e-02
-1.322425454854965210e-01
