4.111079692840576172e+00
-1.751422882080078125e+01
-2.308751106262207031e+01
5.787898540496826172e+00
1.451089286804199219e+01
-9.511920928955078125e+00
-2.450755882263183594e+01
2.422774696350097656e+01
-1.960425186157226562e+01
-5.349085807800292969e+00
8.185337066650390625e+00
-3.271560430526733398e+00
8.120504379272460938e+00
2.384819793701171875e+01
1.751932144165039062e+01
-3.440141296386718750e+01
1.900119400024414062e+01
1.479353141784667969e+01
-2.118669891357421875e+01
2.805193519592285156e+01
6.574873447418212891e+00
3.915510654449462891e+00
-1.142689800262451172e+01
8.139829635620117188e+00
1.571579742431640625e+01
5.835480213165283203e+00
-8.012464046478271484e-01
-1.527245616912841797e+01
-2.603865623474121094e+00
-1.701280403137207031e+01
-3.574815988540649414e+00
-1.616053581237792969e+01
1.949342346191406250e+01
-1.982055282592773438e+01
5.352624893188476562e+00
-2.385254859924316406e+00
2.424726867675781250e+01
1.114351177215576172e+01
1.078505325317382812e+01
1.054602813720703125e+01
-1.458668613433837891e+01
1.083684921264648438e+01
1.883156585693359375e+01
-1.770097970962524414e+00
4.033638763427734375e+01
3.462254524230957031e+00
1.577234458923339844e+01
1.008632564544677734e+01
3.866981983184814453e+00
-2.361080551147460938e+01
9.910195350646972656e+00
-1.969404602050781250e+01
1.319372463226318359e+01
1.647453117370605469e+01
-2.547446250915527344e+00
-6.545893669128417969e+00
-6.872776031494140625e+00
-7.222160816192626953e+00
3.489760875701904297e+00
-1.402046489715576172e+01
-2.419120216369628906e+01
-5.639084339141845703e+00
-3.341336011886596680e+00
-1.041556072235107422e+01
-2.166214179992675781e+01
1.274098014831542969e+01
-7.902216911315917969e+00
-2.659242749214172363e-01
2.573885345458984375e+01
3.502874374389648438e+00
-1.172655773162841797e+01
-2.873160362243652344e+00
-6.859446048736572266e+00
-1.714417457580566406e+01
1.210695838928222656e+01
1.497101879119873047e+01
1.452556991577148438e+01
5.350827217102050781e+00
6.894575595855712891e+00
3.450734138488769531e+00
-3.263495206832885742e+00
5.019717693328857422e+00
-1.162146377563476562e+01
1.435544729232788086e+00
4.709057331085205078e+00
-7.732529163360595703e+00
-2.007276725769042969e+01
3.011714363098144531e+01
-2.473640632629394531e+01
-2.111303901672363281e+01
3.724602699279785156e+00
9.749182313680648804e-02
-2.200138854980468750e+01
-5.571702480316162109e+00
-7.381348609924316406e+00
-2.478479862213134766e+00
1.920131111145019531e+01
7.149918079376220703e+00
3.198218536376953125e+01
-9.010639786720275879e-02
-8.636526107788085938e+00
2.624552345275878906e+01
4.530339241027832031e+00
-1.539552688598632812e+01
-2.123966789245605469e+01
1.644870877265930176e+00
-9.455771446228027344e+00
-1.846825981140136719e+01
-3.555726289749145508e+00
-1.762665367126464844e+01
8.508974075317382812e+00
-8.016981482505798340e-01
1.084837245941162109e+01
-1.013987541198730469e+01
2.275996589660644531e+01
-2.586319541931152344e+01
-9.267055511474609375e+00
-9.660626411437988281e+00
-1.065502548217773438e+01
-4.193978881835937500e+01
-6.909939765930175781e+00
-1.723403739929199219e+01
-1.857943344116210938e+01
-3.250243759155273438e+01
1.589575004577636719e+01
-1.069653391838073730e+00
1.491279482841491699e+00
-5.372900962829589844e+00
1.814784240722656250e+01
-6.541500091552734375e+00
-2.615553665161132812e+01
-1.996895408630371094e+01
1.122557735443115234e+01
-4.819350719451904297e+00
1.548120975494384766e+01
-9.583420753479003906e+00
-2.186411285400390625e+01
-1.483822917938232422e+01
-1.826847839355468750e+01
1.989766120910644531e+01
-8.387679100036621094e+00
2.353334426879882812e+01
-2.481629180908203125e+01
1.463240242004394531e+01
-3.045565128326416016e+00
-1.660027885437011719e+01
-2.258680343627929688e+01
2.811610603332519531e+01
-1.008174705505371094e+01
-2.080125427246093750e+01
1.222022819519042969e+01
-1.100754737854003906e+01
-2.498072862625122070e+00
1.353288364410400391e+01
3.859651565551757812e+01
-1.537744140625000000e+01
-1.097334480285644531e+01
1.431064414978027344e+01
-4.491478443145751953e+00
4.056737899780273438e+00
1.194244194030761719e+01
-2.009933471679687500e+01
-6.802028656005859375e+00
1.032807064056396484e+01
-3.078162384033203125e+01
1.704620552062988281e+01
-1.200285720825195312e+01
1.928064346313476562e+01
-1.279698610305786133e+00
-1.620123291015625000e+01
5.086631774902343750e+00
-1.297552299499511719e+01
-7.041612625122070312e+00
-1.656101608276367188e+01
-6.020309448242187500e+00
1.408120536804199219e+01
-9.513972282409667969e+00
7.700181484222412109e+00
8.995229005813598633e-01
6.449816226959228516e-01
-1.027312660217285156e+01
2.894981384277343750e+00
-1.197525882720947266e+01
-3.549872636795043945e+00
4.009015083312988281e+00
3.290650844573974609e+00
3.753983688354492188e+01
1.171094512939453125e+01
8.399586677551269531e+00
2.150861024856567383e+00
-7.433079719543457031e+00
2.879539012908935547e+00
-9.148460388183593750e+00
-6.144464492797851562e+00
4.404417419433593750e+01
-1.468056774139404297e+01
4.754607677459716797e-01
-1.592305850982666016e+01
6.014434814453125000e+00
-8.735957145690917969e+00
-1.773751449584960938e+01
-1.509069728851318359e+01
-5.527611255645751953e+00
7.656521797180175781e+00
-3.835308837890625000e+01
8.357581138610839844e+00
-3.715999364852905273e+00
-2.594619035720825195e+00
-8.747332572937011719e+00
-3.878139734268188477e+00
5.279233932495117188e+00
-1.705465507507324219e+01
5.731764793395996094e+00
1.529353713989257812e+01
-1.284285354614257812e+01
-2.760872840881347656e+00
-1.194600391387939453e+01
1.039175224304199219e+01
8.200019836425781250e+00
9.035410881042480469e+00
-5.640770435333251953e+00
5.670498847961425781e+00
-7.021714687347412109e+00
1.892887306213378906e+01
1.019751739501953125e+01
-1.966872406005859375e+01
-1.340074443817138672e+01
-6.936236858367919922e+00
4.643511295318603516e+00
-1.803481727838516235e-01
-1.001055717468261719e+01
1.370497035980224609e+01
1.193812847137451172e+01
1.110304450988769531e+01
4.801226615905761719e+00
-9.026614189147949219e+00
1.945998573303222656e+01
-1.368954658508300781e+01
-2.552391767501831055e+00
2.659726333618164062e+01
7.625472545623779297e+00
-2.052786254882812500e+01
3.720475196838378906e+00
8.094727516174316406e+00
-2.755741500854492188e+01
1.737161755561828613e+00
1.035137367248535156e+01
6.767536163330078125e+00
7.637091636657714844e+00
5.158490180969238281e+00
-1.227728652954101562e+01
-9.680974960327148438e+00
-8.323117256164550781e+00
9.857378005981445312e+00
-6.139263629913330078e+00
2.593751335144042969e+01
-5.673946857452392578e+00
1.220676803588867188e+01
2.607552719116210938e+01
1.463514804840087891e+01
1.305577087402343750e+01
5.778045654296875000e+00
6.926799774169921875e+00
-4.706366539001464844e+00
-5.771145820617675781e+00
6.069416046142578125e+00
2.865115702152252197e-01
-6.055339336395263672e+00
4.515453338623046875e+00
7.606281280517578125e+00
1.763930320739746094e+01
7.128640174865722656e+00
1.543454170227050781e+01
-1.228458023071289062e+01
-2.347858428955078125e+01
-4.724032592773437500e+01
3.216375350952148438e+01
-6.677104473114013672e+00
6.478524208068847656e+00
-7.074706077575683594e+00
1.638465309143066406e+01
1.234375000000000000e+01
1.471563243865966797e+01
3.835400581359863281e+00
2.020644378662109375e+01
1.421565532684326172e+00
1.571458148956298828e+01
-1.009981822967529297e+01
1.950436210632324219e+01
4.556072235107421875e+00
9.220199584960937500e+00
-1.609796333312988281e+01
-1.771801376342773438e+01
8.793359756469726562e+00
-5.347742438316345215e-01
-1.447639346122741699e+00
9.938199996948242188e+00
1.950685977935791016e-01
8.206843137741088867e-01
-6.730066776275634766e+00
-1.645006179809570312e+00
9.535574913024902344e+00
-1.328280735015869141e+01
-2.284730148315429688e+01
-1.020005607604980469e+01
-2.626626396179199219e+01
-1.589264583587646484e+01
2.321619033813476562e+00
2.760315895080566406e+00
-1.299810314178466797e+01
8.900542557239532471e-02
-1.388699626922607422e+01
2.740762901306152344e+01
-1.354045009613037109e+01
-2.330408859252929688e+01
7.955544471740722656e+00
-3.219193816184997559e-01
-1.516013717651367188e+01
8.767003059387207031e+00
3.258634328842163086e+00
3.442824125289916992e+00
-2.310072708129882812e+01
1.949334907531738281e+01
1.639002037048339844e+01
4.351719856262207031e+00
1.617247962951660156e+01
1.546801805496215820e+00
9.949992179870605469e+00
-1.113457965850830078e+01
1.982020187377929688e+01
-3.090690374374389648e+00
-1.259534931182861328e+01
5.578246116638183594e+00
-2.372060298919677734e+00
-2.635822772979736328e+00
-8.576437950134277344e+00
-1.279400539398193359e+01
1.215523624420166016e+01
3.472719669342041016e+00
-1.863046073913574219e+01
-1.394387817382812500e+01
-6.697299480438232422e+00
-1.871952819824218750e+01
2.072175979614257812e+01
-6.132218360900878906e+00
-1.298347663879394531e+01
1.573969078063964844e+01
3.122036218643188477e+00
-2.199918365478515625e+01
-2.525041389465332031e+01
3.794483184814453125e+01
1.193254661560058594e+01
-1.171149539947509766e+01
1.702158164978027344e+01
-4.586208343505859375e+01
-1.172857856750488281e+01
-7.652722597122192383e-01
-5.259742259979248047e+00
-7.391305923461914062e+00
-5.387578964233398438e+00
4.656369209289550781e+00
5.861356735229492188e+00
2.405440521240234375e+01
-9.095884323120117188e+00
2.630100250244140625e+01
-1.471854019165039062e+01
-1.964925575256347656e+01
-9.932486534118652344e+00
-1.745467424392700195e+00
6.276421070098876953e+00
-2.099661064147949219e+01
-2.900092697143554688e+01
-2.210336685180664062e+00
1.103779411315917969e+01
9.178735733032226562e+00
1.265023803710937500e+01
9.784276962280273438e+00
-3.941031098365783691e-01
-2.377053642272949219e+01
-2.000521087646484375e+01
-5.905035018920898438e+00
3.590097427368164062e+01
-1.146859073638916016e+01
1.849296092987060547e+00
-7.553737640380859375e+00
-9.309555053710937500e+00
2.966741943359375000e+01
2.713240432739257812e+01
-4.308068275451660156e+00
-7.462399482727050781e+00
2.466950416564941406e+01
4.209094047546386719e+00
7.398787021636962891e+00
1.323227119445800781e+01
1.957860708236694336e+00
-5.610855102539062500e+00
9.497210502624511719e+00
-1.102555656433105469e+01
9.923090934753417969e+00
-1.712291145324707031e+01
-1.029426765441894531e+01
1.705208969116210938e+01
-1.351199913024902344e+01
1.425011157989501953e+01
-1.268271923065185547e+01
-1.598088455200195312e+01
-2.799667167663574219e+01
1.358135318756103516e+01
2.028515625000000000e+01
1.537657260894775391e+01
3.118108940124511719e+01
1.699116897583007812e+01
1.202032756805419922e+01
1.303520393371582031e+01
1.147116279602050781e+01
-2.574495077133178711e+00
3.523602485656738281e-01
-2.543903350830078125e+01
-6.154996395111083984e+00
-1.844984436035156250e+01
5.588744640350341797e+00
1.194102382659912109e+01
4.321199417114257812e+01
-5.014248371124267578e+00
-5.328765869140625000e+00
-6.139423847198486328e+00
-1.269931602478027344e+01
3.084743499755859375e+00
3.097416162490844727e-01
8.788014411926269531e+00
6.493966579437255859e+00
-1.444831275939941406e+01
1.969776153564453125e+01
-9.642848014831542969e+00
9.557991027832031250e+00
-7.396336078643798828e+00
2.232766151428222656e+01
-1.562840789556503296e-01
-3.740430116653442383e+00
-1.973598289489746094e+01
-6.474588394165039062e+00
1.139757919311523438e+01
-7.892020940780639648e-01
-2.097883415222167969e+01
4.195308685302734375e+00
-1.981272697448730469e-01
1.468078613281250000e+01
-1.952300262451171875e+01
1.363785934448242188e+01
-2.305776214599609375e+01
9.347592353820800781e+00
-2.481897544860839844e+01
-1.185707092285156250e+01
4.150545883178710938e+01
-3.789170503616333008e+00
-1.259161758422851562e+01
-3.117964172363281250e+01
1.882901000976562500e+01
-2.028921127319335938e+01
-2.388894081115722656e+01
4.364543437957763672e+00
1.014413356781005859e+01
8.583211898803710938e-01
6.576658248901367188e+00
1.132912826538085938e+01
1.051280117034912109e+01
-3.725244998931884766e+00
-4.227890777587890625e+01
-6.511301040649414062e+00
-5.529141426086425781e-01
1.049903774261474609e+01
7.639764308929443359e+00
9.503849148750305176e-01
-1.433530426025390625e+01
2.118287849426269531e+01
4.925218105316162109e+00
-2.331521987915039062e+00
1.438303947448730469e+01
1.283623790740966797e+01
-1.047802639007568359e+01
8.188923835754394531e+00
1.372050189971923828e+01
2.571758270263671875e+00
1.071368217468261719e+01
-1.195327949523925781e+01
-2.623413801193237305e+00
8.504993438720703125e+00
1.190041780471801758e+00
7.964227199554443359e+00
-1.513711452484130859e+01
-1.623229789733886719e+01
3.360233068466186523e+00
8.671250343322753906e+00
-6.387813568115234375e+00
-1.642007446289062500e+01
1.606412410736083984e+00
-1.083915328979492188e+01
5.742506504058837891e+00
-1.069139099121093750e+01
2.780623817443847656e+01
