1.122153401374816895e+00
1.152917742729187012e+00
1.182806849479675293e+00
1.146196007728576660e+00
9.897573590278625488e-01
1.127458095550537109e+00
1.126243948936462402e+00
1.012767910957336426e+00
1.181048035621643066e+00
1.160102486610412598e+00
1.149000287055969238e+00
1.149671316146850586e+00
1.111080408096313477e+00
1.164159059524536133e+00
1.066113471984863281e+00
9.816561341285705566e-01
1.191817760467529297e+00
1.153025984764099121e+00
1.014117956161499023e+00
9.740680456161499023e-01
1.159310579299926758e+00
9.577066898345947266e-01
1.083619832992553711e+00
1.101190328598022461e+00
1.109528183937072754e+00
1.144973278045654297e+00
1.081082463264465332e+00
1.131041169166564941e+00
1.079349398612976074e+00
1.082632780075073242e+00
1.051684498786926270e+00
1.144019603729248047e+00
1.183976054191589355e+00
1.187870740890502930e+00
8.646899461746215820e-01
1.082194209098815918e+00
9.850234985351562500e-01
1.132079482078552246e+00
1.078317523002624512e+00
1.147359848022460938e+00
1.057689785957336426e+00
1.135989189147949219e+00
1.101832866668701172e+00
1.078746557235717773e+00
1.060036063194274902e+00
1.205501317977905273e+00
1.115369558334350586e+00
1.074828267097473145e+00
1.128696203231811523e+00
1.172262072563171387e+00
1.142961621284484863e+00
1.194136977195739746e+00
1.124886989593505859e+00
1.076951861381530762e+00
1.080218195915222168e+00
1.072333931922912598e+00
1.087846875190734863e+00
1.100167036056518555e+00
9.563981890678405762e-01
9.691500663757324219e-01
1.026373028755187988e+00
1.097312092781066895e+00
1.126495957374572754e+00
1.079938530921936035e+00
1.023262381553649902e+00
1.085296034812927246e+00
1.086660027503967285e+00
1.101112127304077148e+00
1.126731872558593750e+00
1.085065245628356934e+00
1.080417990684509277e+00
1.191664576530456543e+00
1.047899007797241211e+00
1.127741694450378418e+00
9.826290607452392578e-01
1.049603939056396484e+00
1.191211581230163574e+00
9.823883771896362305e-01
1.176178574562072754e+00
1.092002987861633301e+00
9.624153971672058105e-01
1.091277241706848145e+00
9.794691205024719238e-01
1.171054244041442871e+00
1.069552063941955566e+00
1.053212285041809082e+00
1.161473155021667480e+00
1.139164566993713379e+00
1.072149515151977539e+00
1.133482933044433594e+00
9.897952675819396973e-01
1.005911111831665039e+00
1.099591732025146484e+00
1.094347596168518066e+00
1.097183942794799805e+00
1.122946143150329590e+00
1.212129235267639160e+00
1.048546552658081055e+00
1.071249723434448242e+00
9.988655447959899902e-01
1.032148599624633789e+00
1.162805318832397461e+00
1.126876950263977051e+00
1.046440124511718750e+00
1.017662286758422852e+00
1.055132865905761719e+00
1.070175886154174805e+00
1.003948330879211426e+00
1.107836365699768066e+00
1.105672836303710938e+00
9.328071475028991699e-01
1.133714556694030762e+00
1.115991711616516113e+00
9.681295156478881836e-01
9.423342943191528320e-01
1.092296600341796875e+00
1.109902381896972656e+00
1.056717514991760254e+00
1.175641894340515137e+00
1.133066415786743164e+00
1.066727995872497559e+00
1.212767243385314941e+00
1.092604994773864746e+00
1.060414552688598633e+00
1.184680819511413574e+00
9.738420844078063965e-01
1.014181017875671387e+00
1.045946717262268066e+00
1.049559473991394043e+00
1.190156221389770508e+00
1.188213348388671875e+00
1.152142047882080078e+00
9.632642269134521484e-01
1.131082773208618164e+00
1.176195621490478516e+00
1.044578433036804199e+00
1.174993515014648438e+00
1.161124825477600098e+00
9.893869161605834961e-01
1.171780705451965332e+00
1.150447368621826172e+00
1.249154925346374512e+00
1.159306406974792480e+00
1.059586644172668457e+00
1.182904362678527832e+00
1.136015057563781738e+00
1.090431094169616699e+00
1.007110714912414551e+00
9.751045703887939453e-01
1.139751434326171875e+00
1.130180478096008301e+00
1.033887982368469238e+00
1.081330776214599609e+00
9.703122377395629883e-01
1.022621035575866699e+00
1.032698988914489746e+00
1.046723604202270508e+00
1.081082105636596680e+00
1.093619585037231445e+00
1.103711009025573730e+00
1.135527014732360840e+00
1.102851271629333496e+00
1.080522060394287109e+00
1.005361914634704590e+00
1.052517175674438477e+00
1.062932491302490234e+00
1.144875407218933105e+00
1.101444959640502930e+00
1.126681208610534668e+00
1.143445968627929688e+00
1.036870121955871582e+00
1.013260245323181152e+00
1.066937923431396484e+00
1.133945703506469727e+00
1.097958683967590332e+00
1.149483799934387207e+00
1.072763800621032715e+00
1.060651183128356934e+00
1.072732329368591309e+00
1.127756118774414062e+00
1.156640887260437012e+00
1.136192083358764648e+00
1.134440064430236816e+00
1.017206192016601562e+00
1.160810828208923340e+00
1.067529201507568359e+00
1.113709568977355957e+00
1.089417099952697754e+00
1.109324932098388672e+00
1.069666862487792969e+00
1.049443006515502930e+00
1.102982044219970703e+00
1.064689874649047852e+00
1.079677104949951172e+00
1.143803000450134277e+00
1.111323237419128418e+00
1.223392963409423828e+00
1.076051950454711914e+00
1.008375763893127441e+00
1.117074728012084961e+00
1.124099969863891602e+00
9.894990921020507812e-01
1.058926463127136230e+00
1.100155591964721680e+00
1.210399150848388672e+00
1.150772094726562500e+00
1.071609616279602051e+00
9.782971143722534180e-01
1.121577501296997070e+00
1.131876468658447266e+00
1.054235696792602539e+00
1.103696942329406738e+00
1.180776596069335938e+00
1.200277090072631836e+00
1.108197808265686035e+00
9.298084378242492676e-01
1.020496606826782227e+00
1.166666388511657715e+00
1.023877739906311035e+00
1.109313726425170898e+00
1.042606711387634277e+00
1.091616630554199219e+00
1.148223876953125000e+00
1.109483599662780762e+00
1.023739933967590332e+00
1.171536207199096680e+00
1.053126096725463867e+00
1.043979048728942871e+00
1.061296343803405762e+00
1.054350256919860840e+00
1.034003615379333496e+00
1.191737055778503418e+00
1.015609145164489746e+00
1.142504572868347168e+00
1.118721246719360352e+00
1.002766251564025879e+00
1.103315472602844238e+00
1.110286712646484375e+00
1.030858159065246582e+00
1.074777841567993164e+00
1.118430733680725098e+00
1.059545516967773438e+00
1.087196469306945801e+00
1.002779722213745117e+00
1.194861888885498047e+00
1.076164245605468750e+00
1.091071724891662598e+00
1.128621220588684082e+00
1.060939550399780273e+00
1.199491500854492188e+00
1.155661344528198242e+00
1.019197463989257812e+00
1.105824828147888184e+00
1.041444063186645508e+00
1.037480473518371582e+00
1.036522507667541504e+00
1.020429849624633789e+00
1.046915411949157715e+00
1.110312581062316895e+00
1.062043428421020508e+00
1.107220530509948730e+00
1.114266633987426758e+00
1.095123529434204102e+00
1.148597836494445801e+00
1.148331642150878906e+00
1.008393287658691406e+00
1.119705915451049805e+00
1.203840732574462891e+00
1.051365256309509277e+00
1.145114779472351074e+00
1.142242550849914551e+00
1.211844325065612793e+00
1.105790615081787109e+00
1.107195138931274414e+00
1.040605187416076660e+00
1.200128674507141113e+00
1.118143796920776367e+00
1.027833700180053711e+00
1.188422679901123047e+00
1.026060938835144043e+00
1.149239540100097656e+00
1.074627757072448730e+00
1.146286368370056152e+00
1.209120869636535645e+00
1.033930420875549316e+00
1.118314266204833984e+00
9.868505001068115234e-01
1.013453722000122070e+00
1.017604827880859375e+00
1.202360868453979492e+00
1.063522934913635254e+00
9.931117296218872070e-01
1.096877932548522949e+00
1.166933894157409668e+00
1.003706812858581543e+00
1.040303945541381836e+00
1.007712483406066895e+00
9.919999241828918457e-01
1.181793332099914551e+00
1.011999249458312988e+00
1.052106022834777832e+00
1.122961997985839844e+00
1.178424715995788574e+00
1.099346995353698730e+00
1.144014716148376465e+00
1.222489237785339355e+00
1.147986650466918945e+00
1.010269522666931152e+00
1.091814637184143066e+00
1.044329524040222168e+00
1.133835196495056152e+00
1.051875472068786621e+00
1.040931820869445801e+00
1.053029179573059082e+00
1.037228584289550781e+00
1.058212399482727051e+00
1.095656752586364746e+00
1.169576287269592285e+00
1.264281630516052246e+00
1.022632718086242676e+00
1.087177276611328125e+00
1.010046720504760742e+00
1.174760222434997559e+00
1.065658330917358398e+00
1.022920966148376465e+00
1.138064265251159668e+00
1.053446292877197266e+00
1.008235454559326172e+00
1.123389005661010742e+00
1.172174692153930664e+00
1.041941404342651367e+00
1.060029506683349609e+00
1.128500223159790039e+00
9.724429249763488770e-01
1.109924554824829102e+00
1.205742835998535156e+00
1.095230340957641602e+00
9.962033629417419434e-01
1.068163990974426270e+00
1.136051893234252930e+00
9.577965736389160156e-01
1.155827760696411133e+00
1.039474248886108398e+00
1.126114964485168457e+00
1.187476277351379395e+00
1.017814278602600098e+00
1.052195668220520020e+00
1.178256154060363770e+00
1.121057868003845215e+00
1.067169070243835449e+00
1.023530364036560059e+00
1.177923560142517090e+00
1.103108882904052734e+00
1.076869010925292969e+00
1.041458249092102051e+00
1.129658937454223633e+00
1.117601871490478516e+00
1.137439727783203125e+00
1.047419071197509766e+00
1.099732637405395508e+00
1.063228607177734375e+00
1.079056262969970703e+00
1.025211572647094727e+00
9.904884696006774902e-01
1.045208930969238281e+00
9.839815497398376465e-01
1.097644686698913574e+00
1.134830236434936523e+00
1.051879167556762695e+00
1.169909477233886719e+00
1.097253799438476562e+00
1.128128886222839355e+00
1.109040498733520508e+00
1.114420771598815918e+00
1.097906112670898438e+00
1.089233279228210449e+00
1.014833211898803711e+00
1.181495308876037598e+00
1.009325981140136719e+00
1.070011019706726074e+00
1.089880228042602539e+00
1.113549470901489258e+00
1.030313849449157715e+00
1.114790320396423340e+00
1.021522402763366699e+00
1.168253540992736816e+00
1.071554183959960938e+00
1.116090178489685059e+00
1.109453320503234863e+00
1.105755209922790527e+00
1.065135478973388672e+00
1.120747685432434082e+00
1.047507762908935547e+00
1.120617270469665527e+00
1.083749175071716309e+00
1.224304914474487305e+00
1.148902297019958496e+00
1.097437143325805664e+00
1.041725635528564453e+00
1.033620357513427734e+00
1.078718543052673340e+00
1.041300058364868164e+00
1.073868155479431152e+00
9.798951745033264160e-01
9.523318409919738770e-01
1.268485546112060547e+00
9.598850607872009277e-01
1.085710287094116211e+00
1.023499846458435059e+00
9.474599361419677734e-01
1.001387953758239746e+00
1.056043386459350586e+00
1.096343755722045898e+00
1.069306492805480957e+00
1.082398772239685059e+00
9.672973752021789551e-01
1.093655586242675781e+00
1.050464510917663574e+00
1.147788763046264648e+00
1.158879160881042480e+00
1.103073716163635254e+00
1.126725196838378906e+00
1.222329497337341309e+00
1.001841902732849121e+00
1.087206602096557617e+00
1.036823749542236328e+00
1.214375257492065430e+00
1.066675782203674316e+00
1.097357749938964844e+00
1.045557498931884766e+00
1.152638673782348633e+00
1.005735397338867188e+00
1.030764579772949219e+00
1.170654296875000000e+00
1.101510524749755859e+00
1.255943059921264648e+00
1.154929161071777344e+00
1.146126747131347656e+00
1.098059654235839844e+00
1.022953629493713379e+00
1.044882297515869141e+00
1.170050621032714844e+00
1.096764445304870605e+00
1.047197699546813965e+00
9.855023622512817383e-01
1.097239732742309570e+00
1.095957756042480469e+00
1.036706566810607910e+00
9.404153823852539062e-01
1.108722448348999023e+00
9.870278835296630859e-01
1.104200124740600586e+00
1.059980273246765137e+00
1.197267532348632812e+00
1.132357358932495117e+00
1.048835992813110352e+00
9.695574045181274414e-01
1.080064058303833008e+00
1.190626978874206543e+00
1.116319298744201660e+00
1.049438118934631348e+00
9.835546612739562988e-01
1.155678272247314453e+00
1.175025224685668945e+00
1.168534874916076660e+00
1.079595446586608887e+00
1.175963640213012695e+00
1.104539036750793457e+00
1.134775042533874512e+00
1.072616815567016602e+00
1.130767822265625000e+00
9.758191704750061035e-01
1.170749425888061523e+00
1.083289742469787598e+00
1.048819303512573242e+00
1.149586439132690430e+00
1.105451822280883789e+00
1.143424391746520996e+00
1.084427475929260254e+00
1.066034913063049316e+00
1.065031647682189941e+00
1.128790736198425293e+00
1.031053304672241211e+00
9.770064353942871094e-01
1.167853713035583496e+00
1.167340159416198730e+00
1.064442038536071777e+00
1.083403587341308594e+00
1.040189385414123535e+00
8.926747441291809082e-01
1.119408130645751953e+00
1.159613013267517090e+00
1.142909646034240723e+00
1.018319368362426758e+00
1.188081026077270508e+00
1.208906888961791992e+00
1.048077344894409180e+00
1.016678452491760254e+00
9.175150394439697266e-01
1.093768119812011719e+00
