-1.033603250980377197e-01
-1.908481419086456299e-01
-1.037558466196060181e-01
6.942465901374816895e-02
-1.596359349787235260e-02
-7.154732197523117065e-02
1.835722476243972778e-01
3.119057975709438324e-03
3.518336918205022812e-03
1.546029150485992432e-01
-1.857464611530303955e-01
-8.898150920867919922e-02
1.962119489908218384e-01
-7.665968686342239380e-02
-1.765752732753753662e-01
-9.031565487384796143e-02
-3.717653453350067139e-02
-4.981201514601707458e-02
-1.228881999850273132e-01
6.575676798820495605e-02
1.087406277656555176e-01
6.326937675476074219e-02
-7.826566696166992188e-02
2.823366038501262665e-02
2.067677676677703857e-02
6.971576809883117676e-02
-1.458126157522201538e-01
1.318259239196777344e-01
-1.262949407100677490e-01
1.415877193212509155e-01
-1.268984517082571983e-03
-2.519221603870391846e-01
1.011369451880455017e-01
-1.488968431949615479e-01
7.535049319267272949e-02
3.493754565715789795e-02
9.218717925250530243e-03
-8.208997547626495361e-02
1.913379430770874023e-01
-1.413922011852264404e-01
5.198849737644195557e-02
7.881785929203033447e-02
-1.472211033105850220e-01
-1.041585057973861694e-01
-4.757545143365859985e-02
1.106971278786659241e-01
-3.814686462283134460e-02
1.525803208351135254e-01
-3.300602734088897705e-02
-1.977251097559928894e-02
1.623692214488983154e-01
1.963456720113754272e-01
9.244091063737869263e-02
-1.648534387350082397e-01
1.416371315717697144e-01
1.477473527193069458e-01
3.442464768886566162e-02
1.194990202784538269e-01
-1.478886604309082031e-01
2.133611589670181274e-02
-1.219683811068534851e-01
9.505688399076461792e-02
6.599460029974579811e-04
1.529048532247543335e-01
-1.926985234022140503e-01
4.270496964454650879e-02
1.760309785604476929e-01
-1.337075233459472656e-01
-1.702948659658432007e-01
9.053067862987518311e-02
9.097782522439956665e-02
-9.480909258127212524e-02
-1.269709914922714233e-01
-1.324775218963623047e-01
-7.304406166076660156e-02
-1.125033106654882431e-02
-7.206038385629653931e-02
-6.395845115184783936e-02
6.660291552543640137e-02
-7.577840238809585571e-02
1.466055810451507568e-01
5.763430520892143250e-02
-5.608577281236648560e-02
1.973922364413738251e-02
1.992027312517166138e-01
-9.207657724618911743e-02
-8.513890951871871948e-02
-6.900965422391891479e-02
-9.074851125478744507e-02
-1.468822211027145386e-01
3.197189792990684509e-02
1.502018701285123825e-02
-5.796558037400245667e-02
6.271398812532424927e-02
5.118766054511070251e-02
-1.964259147644042969e-01
-1.546164155006408691e-01
4.639706388115882874e-02
-3.735942766070365906e-02
-1.403434574604034424e-01
3.329110890626907349e-02
1.880981624126434326e-01
2.087979763746261597e-02
5.993659794330596924e-02
-1.352200657129287720e-01
5.891649983823299408e-03
1.728488653898239136e-01
-1.333533674478530884e-01
6.767785549163818359e-02
1.266378760337829590e-01
1.199330296367406845e-02
-6.056357175111770630e-02
9.247975051403045654e-02
5.121069774031639099e-02
-2.949593588709831238e-02
1.491985470056533813e-02
-1.118677332997322083e-01
-1.022769734263420105e-01
-4.890016745775938034e-03
-8.104772306978702545e-03
5.769929848611354828e-03
2.034445293247699738e-03
-5.359813221730291843e-04
5.933387577533721924e-02
-1.330058127641677856e-01
2.318692803382873535e-01
-1.223949622362852097e-02
1.195946931838989258e-01
-6.102059036493301392e-02
-4.856678657233715057e-03
4.105156660079956055e-02
-3.255467116832733154e-02
1.155749708414077759e-01
-6.320306658744812012e-02
-8.482547849416732788e-02
2.466517873108386993e-02
-6.843814253807067871e-02
1.796738803386688232e-02
1.490720547735691071e-02
-2.092388123273849487e-01
-1.218241732567548752e-02
-2.696457505226135254e-01
-2.128790020942687988e-01
-1.902843452990055084e-02
-1.223711147904396057e-01
4.011650383472442627e-02
-6.074251234531402588e-02
2.956850826740264893e-02
-8.419291675090789795e-02
-3.483388572931289673e-02
-3.389336867257952690e-03
1.235778331756591797e-01
-9.090862423181533813e-02
-9.620576351881027222e-02
7.926730066537857056e-02
2.204271405935287476e-02
-8.929849416017532349e-02
-1.168256718665361404e-02
-1.100894883275032043e-01
-2.419415861368179321e-03
7.060080021619796753e-02
-1.020221486687660217e-01
-2.789867520332336426e-01
1.074585914611816406e-01
-2.030697884038090706e-03
8.618810772895812988e-02
2.893371880054473877e-02
2.607184052467346191e-01
7.778891175985336304e-02
1.614757180213928223e-01
-1.233480032533407211e-02
-2.206858620047569275e-02
-1.976934522390365601e-01
2.889594994485378265e-02
-9.308090806007385254e-02
7.447942346334457397e-02
-5.612190812826156616e-02
5.955735594034194946e-02
1.172571703791618347e-01
-1.558268219232559204e-01
-7.463204674422740936e-04
1.160010248422622681e-01
7.085852324962615967e-02
1.494556367397308350e-01
-1.608351767063140869e-01
2.569963969290256500e-02
1.650812327861785889e-01
7.999700307846069336e-02
-3.788774088025093079e-02
-6.497313082218170166e-02
-1.006727218627929688e-01
-1.982638090848922729e-01
-2.353977560997009277e-01
1.355835348367691040e-01
-2.212213352322578430e-02
1.507306247949600220e-01
1.248629484325647354e-02
8.164097089320421219e-04
-1.793670654296875000e-02
-1.272529214620590210e-01
3.465622663497924805e-02
1.189637482166290283e-01
7.973344065248966217e-03
1.484465003013610840e-01
1.363877952098846436e-01
-1.155140250921249390e-01
-2.679213183000683784e-03
-7.475929707288742065e-02
3.024645149707794189e-02
-2.339296936988830566e-01
1.145123541355133057e-01
4.378838464617729187e-02
-2.116625895723700523e-03
-6.983698904514312744e-02
1.074063181877136230e-01
-1.330037787556648254e-02
-2.205619066953659058e-01
9.625174105167388916e-03
9.218386560678482056e-02
2.499457001686096191e-01
4.378442466259002686e-02
1.653140038251876831e-01
-1.353359669446945190e-01
5.926552414894104004e-02
6.256622076034545898e-02
-1.210012808442115784e-01
1.052011549472808838e-02
-4.718096554279327393e-02
5.315217748284339905e-02
-8.668927848339080811e-02
9.648257493972778320e-02
4.315999522805213928e-02
-7.884982973337173462e-02
8.514656871557235718e-02
-6.948159635066986084e-02
2.394788898527622223e-02
1.774772852659225464e-01
2.283613383769989014e-02
1.366048306226730347e-01
-4.532783851027488708e-02
7.825855165719985962e-03
1.347995102405548096e-01
-1.281850337982177734e-01
1.795669831335544586e-02
-2.925538420677185059e-01
4.390777647495269775e-02
1.310000717639923096e-01
1.038763150572776794e-01
4.379289224743843079e-02
-1.889654099941253662e-01
7.356700953096151352e-03
3.894024714827537537e-02
-1.879565268754959106e-01
4.777969792485237122e-02
2.512187510728836060e-02
1.420354563742876053e-02
-1.320714205503463745e-01
-2.323162406682968140e-01
-1.957474052906036377e-01
1.922024488449096680e-01
-3.828955814242362976e-02
-1.992897093296051025e-01
-2.270290106534957886e-01
-1.660613268613815308e-01
2.658348679542541504e-01
-1.959005296230316162e-01
8.182914555072784424e-02
-9.559544175863265991e-02
-7.071150839328765869e-02
-2.858189865946769714e-02
9.341396391391754150e-02
-2.378067076206207275e-01
1.949216574430465698e-01
3.009233772754669189e-01
-1.250112503767013550e-01
1.722234487533569336e-01
1.359970681369304657e-02
1.360861957073211670e-01
-7.765151560306549072e-02
1.517019569873809814e-01
-6.915327906608581543e-02
2.252000384032726288e-02
-4.783191904425621033e-02
1.860920190811157227e-01
-1.148383133113384247e-02
-1.801552027463912964e-01
1.110599339008331299e-01
1.623027324676513672e-01
-4.768464714288711548e-02
9.413698315620422363e-02
-1.215435937047004700e-02
-7.371231168508529663e-02
-9.905108809471130371e-02
-1.459932625293731689e-01
4.886759445071220398e-02
-2.132058329880237579e-02
-1.897477507591247559e-01
-5.882103368639945984e-02
-7.517491281032562256e-02
1.060346048325300217e-02
-2.441295683383941650e-01
-2.340478897094726562e-01
-6.556764990091323853e-02
-1.332437992095947266e-01
-8.721832931041717529e-02
-4.862308874726295471e-02
6.608796864748001099e-02
-6.138084083795547485e-02
9.696543961763381958e-02
1.143378689885139465e-01
2.564759850502014160e-01
2.487231492996215820e-01
1.480982452630996704e-01
1.373478025197982788e-01
-9.276109188795089722e-02
-3.199333325028419495e-02
2.914254069328308105e-01
1.331703811883926392e-01
1.550689190626144409e-01
6.365849077701568604e-02
1.354408711194992065e-01
1.930784247815608978e-02
-1.158732548356056213e-01
-4.191993735730648041e-03
1.416543126106262207e-01
-2.777466475963592529e-01
1.503648161888122559e-01
-1.022205203771591187e-01
-4.038680344820022583e-03
8.639218658208847046e-02
9.451509453356266022e-03
1.036762371659278870e-01
-1.746675074100494385e-01
4.410310182720422745e-03
-4.352836683392524719e-02
3.557449951767921448e-02
9.829435497522354126e-02
8.288520574569702148e-02
-9.512202441692352295e-02
1.751394569873809814e-01
4.381560161709785461e-02
-7.504388689994812012e-02
-2.762966230511665344e-02
-2.117156982421875000e-01
2.510824501514434814e-01
1.041378378868103027e-01
9.119226783514022827e-02
-8.080006390810012817e-02
-1.113214939832687378e-01
1.396222561597824097e-01
-1.118508800864219666e-01
-1.255119293928146362e-01
7.140627130866050720e-03
2.063856273889541626e-02
-1.715441979467868805e-02
1.987810134887695312e-01
7.408516108989715576e-02
-5.601164698600769043e-02
1.136205270886421204e-01
-1.610572338104248047e-01
5.558451265096664429e-02
-1.368696689605712891e-01
9.184373915195465088e-02
-5.357857327908277512e-03
-1.511173248291015625e-01
1.071784496307373047e-01
-1.581664830446243286e-01
5.640038102865219116e-02
-1.184842921793460846e-02
-2.969938814640045166e-01
2.367139458656311035e-01
1.624422846361994743e-03
-5.058723688125610352e-02
1.251291334629058838e-01
-5.186673626303672791e-02
-6.466384045779705048e-03
-1.636100374162197113e-02
-1.546031087636947632e-01
-1.071324571967124939e-01
-5.102957785129547119e-02
1.195783764123916626e-01
-2.755376994609832764e-01
-9.567306935787200928e-02
6.453964859247207642e-02
-9.329809248447418213e-02
-8.396285027265548706e-02
7.503135502338409424e-02
3.155450820922851562e-01
-1.625411398708820343e-02
1.751891970634460449e-01
-1.196262910962104797e-01
-1.964804381132125854e-01
-3.355422616004943848e-02
-6.045981869101524353e-02
1.062626540660858154e-01
8.286144584417343140e-02
-1.215611621737480164e-01
-3.401182964444160461e-02
-1.295450925827026367e-01
3.433420136570930481e-02
-3.027290105819702148e-02
7.728648930788040161e-02
-5.352718010544776917e-02
9.211995452642440796e-02
-1.423607021570205688e-01
1.036143973469734192e-01
-1.807287484407424927e-01
-1.293081045150756836e-02
7.516860216856002808e-02
-2.553496137261390686e-02
4.358584806323051453e-02
9.013424068689346313e-02
1.642560511827468872e-01
-4.641466960310935974e-02
-9.055215865373611450e-03
1.652540266513824463e-02
9.043835103511810303e-02
2.274480089545249939e-02
-5.913060158491134644e-02
6.977026909589767456e-02
1.324961185455322266e-01
6.654598750174045563e-03
6.890662759542465210e-02
1.091999411582946777e-01
-6.906542927026748657e-02
-7.434065639972686768e-02
-3.502881526947021484e-02
1.494768708944320679e-01
1.153979673981666565e-01
3.700750321149826050e-02
2.493769861757755280e-03
3.500272333621978760e-02
-1.242651697248220444e-02
1.621413379907608032e-01
-6.435556709766387939e-02
-1.098172664642333984e-01
5.051356554031372070e-02
-4.805961996316909790e-02
-6.030841916799545288e-02
-1.008978411555290222e-01
-8.658222854137420654e-02
1.334754824638366699e-01
8.382230997085571289e-02
-9.817789308726787567e-03
7.412934303283691406e-02
-1.632983088493347168e-01
-1.856041997671127319e-01
-2.955863773822784424e-01
5.008881166577339172e-02
8.889105170965194702e-02
-1.313585340976715088e-01
-1.951524019241333008e-01
4.509468376636505127e-02
-6.244715675711631775e-02
-3.157918751239776611e-01
1.291091889142990112e-01
-1.164347082376480103e-01
-1.954375021159648895e-02
-1.597448601387441158e-03
-9.494437836110591888e-03
7.006265968084335327e-02
-1.460930109024047852e-01
1.185873448848724365e-01
4.534187540411949158e-02
1.657421886920928955e-02
1.466148346662521362e-01
2.467869222164154053e-02
-1.192455366253852844e-01
-7.959215342998504639e-02
-1.538828462362289429e-01
1.887112855911254883e-01
9.464108385145664215e-03
1.453614383935928345e-01
-3.851048648357391357e-02
1.400192677974700928e-01
-1.372661739587783813e-01
2.252930402755737305e-01
1.787581853568553925e-02
1.105646509677171707e-02
1.271918714046478271e-01
-2.510704100131988525e-01
1.016964577138423920e-02
6.634039431810379028e-02
4.490019008517265320e-02
-6.753855943679809570e-02
-1.936405450105667114e-01
3.435260150581598282e-03
-2.658407576382160187e-02
1.457006186246871948e-01
1.002163589000701904e-01
8.568334579467773438e-02
4.645199328660964966e-02
-1.677008718252182007e-02
-1.017223075032234192e-01
1.407340168952941895e-01
1.767382621765136719e-01
1.320481151342391968e-01
1.195628568530082703e-01
7.004532963037490845e-02
4.072242975234985352e-02
