2.575582275390625000e+02
3.602298889160156250e+02
3.163365478515625000e+02
3.801853332519531250e+02
2.700787353515625000e+02
3.185516052246093750e+02
3.639236145019531250e+02
4.621009521484375000e+02
4.444641113281250000e+02
4.353295288085937500e+02
3.334039001464843750e+02
3.096411437988281250e+02
3.849177856445312500e+02
5.118455200195312500e+02
2.501281280517578125e+02
4.258840637207031250e+02
3.524552307128906250e+02
3.305959167480468750e+02
2.852764587402343750e+02
2.354767913818359375e+02
4.938836975097656250e+02
2.727227172851562500e+02
2.934974670410156250e+02
2.649396667480468750e+02
3.458514709472656250e+02
4.334170227050781250e+02
3.062250366210937500e+02
3.412373657226562500e+02
2.883447875976562500e+02
3.283938598632812500e+02
2.802662963867187500e+02
2.812643127441406250e+02
5.483380737304687500e+02
4.392432556152343750e+02
2.933480834960937500e+02
3.764135131835937500e+02
3.259967651367187500e+02
4.797935180664062500e+02
2.452532348632812500e+02
2.824347229003906250e+02
3.136823120117187500e+02
3.770805969238281250e+02
3.583996276855468750e+02
2.185441589355468750e+02
2.538422546386718750e+02
4.850941467285156250e+02
2.351495056152343750e+02
3.450348205566406250e+02
2.131412658691406250e+02
4.666525268554687500e+02
3.825474243164062500e+02
3.621637268066406250e+02
3.720585327148437500e+02
2.753916015625000000e+02
3.371550292968750000e+02
4.103289184570312500e+02
4.445785827636718750e+02
3.786587829589843750e+02
4.013066406250000000e+02
2.221899414062500000e+02
3.524465637207031250e+02
3.034217834472656250e+02
2.948194885253906250e+02
2.134981994628906250e+02
5.117170410156250000e+02
2.855904541015625000e+02
2.536781158447265625e+02
3.656138916015625000e+02
3.146487731933593750e+02
2.997294311523437500e+02
2.974948730468750000e+02
2.668276062011718750e+02
3.200890197753906250e+02
3.330199584960937500e+02
4.436523132324218750e+02
4.062684936523437500e+02
3.707958068847656250e+02
2.855136718750000000e+02
2.974547119140625000e+02
2.168838348388671875e+02
2.449393310546875000e+02
3.757096557617187500e+02
3.148388366699218750e+02
2.778862915039062500e+02
3.058416137695312500e+02
3.305574951171875000e+02
2.645388793945312500e+02
4.016329956054687500e+02
3.346585083007812500e+02
4.298970947265625000e+02
3.293282165527343750e+02
3.123125000000000000e+02
3.931341552734375000e+02
3.890834960937500000e+02
2.898576965332031250e+02
2.179152221679687500e+02
3.605929260253906250e+02
3.113352355957031250e+02
3.255164184570312500e+02
3.375529785156250000e+02
2.909182739257812500e+02
3.699293823242187500e+02
2.966230163574218750e+02
2.817966003417968750e+02
3.028801269531250000e+02
2.648543090820312500e+02
2.551178894042968750e+02
3.081332702636718750e+02
4.064219360351562500e+02
3.707960510253906250e+02
2.485672454833984375e+02
1.773721160888671875e+02
2.777282409667968750e+02
3.037640686035156250e+02
3.815639038085937500e+02
3.818724365234375000e+02
3.118003540039062500e+02
3.467914123535156250e+02
4.303415832519531250e+02
4.438800354003906250e+02
3.158341369628906250e+02
4.821348571777343750e+02
3.678114929199218750e+02
4.144023742675781250e+02
5.232653808593750000e+02
3.293212890625000000e+02
3.407445983886718750e+02
3.270139770507812500e+02
4.604975280761718750e+02
3.623984985351562500e+02
4.777685852050781250e+02
4.990929260253906250e+02
2.855379943847656250e+02
4.638137817382812500e+02
3.372578735351562500e+02
3.331618347167968750e+02
4.346331787109375000e+02
5.687237548828125000e+02
4.667626342773437500e+02
4.060087280273437500e+02
2.392927703857421875e+02
2.561487731933593750e+02
3.233725280761718750e+02
2.894144897460937500e+02
4.031960449218750000e+02
4.810594177246093750e+02
3.174807128906250000e+02
3.288284912109375000e+02
1.881560363769531250e+02
2.586913146972656250e+02
2.635324707031250000e+02
2.717409667968750000e+02
3.655834350585937500e+02
2.502514648437500000e+02
5.915673828125000000e+02
5.121387939453125000e+02
3.167271423339843750e+02
2.841144409179687500e+02
3.134918518066406250e+02
3.674548645019531250e+02
2.860357971191406250e+02
2.506061706542968750e+02
2.879920349121093750e+02
3.570012512207031250e+02
4.810458374023437500e+02
2.873971862792968750e+02
4.611086425781250000e+02
3.282612609863281250e+02
3.022960205078125000e+02
3.369619445800781250e+02
3.063004150390625000e+02
3.431766662597656250e+02
5.021104431152343750e+02
5.091564025878906250e+02
2.198246154785156250e+02
3.543476867675781250e+02
5.130726318359375000e+02
2.788059997558593750e+02
4.106409912109375000e+02
3.789328918457031250e+02
2.972634277343750000e+02
3.954039916992187500e+02
3.348979187011718750e+02
3.463642272949218750e+02
2.480064697265625000e+02
3.454208679199218750e+02
3.746223144531250000e+02
2.437778320312500000e+02
3.268457336425781250e+02
3.892199096679687500e+02
2.884201965332031250e+02
2.341455078125000000e+02
4.090990905761718750e+02
2.966922302246093750e+02
4.478755798339843750e+02
2.247726898193359375e+02
3.531129150390625000e+02
2.997283935546875000e+02
2.722877197265625000e+02
4.234083862304687500e+02
3.278330688476562500e+02
3.116218566894531250e+02
2.727229919433593750e+02
4.167274780273437500e+02
5.715931396484375000e+02
3.849852294921875000e+02
1.935642242431640625e+02
2.858864746093750000e+02
3.643553466796875000e+02
4.306864624023437500e+02
2.968514709472656250e+02
3.738495788574218750e+02
2.411753845214843750e+02
2.997743835449218750e+02
3.180559082031250000e+02
2.620105285644531250e+02
4.294329833984375000e+02
4.214829711914062500e+02
2.341522216796875000e+02
3.440627441406250000e+02
2.839635009765625000e+02
4.446138610839843750e+02
1.996251831054687500e+02
3.361726074218750000e+02
2.407707366943359375e+02
4.366081542968750000e+02
3.316275329589843750e+02
2.934031066894531250e+02
2.012035217285156250e+02
2.189679718017578125e+02
2.552080688476562500e+02
2.965309143066406250e+02
2.903654479980468750e+02
2.395975189208984375e+02
4.316526794433593750e+02
2.854575500488281250e+02
3.890886535644531250e+02
4.629906311035156250e+02
3.934635009765625000e+02
5.943499755859375000e+02
2.415805053710937500e+02
3.463375244140625000e+02
2.643638000488281250e+02
4.079764404296875000e+02
2.310733184814453125e+02
3.440015258789062500e+02
2.662761535644531250e+02
4.138096313476562500e+02
2.622820129394531250e+02
3.173010253906250000e+02
3.641255798339843750e+02
3.747899780273437500e+02
3.581963195800781250e+02
3.063724670410156250e+02
5.046225585937500000e+02
3.680877685546875000e+02
3.792168884277343750e+02
3.043551330566406250e+02
4.277664489746093750e+02
2.838535156250000000e+02
5.556900634765625000e+02
3.148160400390625000e+02
4.945442199707031250e+02
4.791201477050781250e+02
4.760516357421875000e+02
4.334115600585937500e+02
2.341175537109375000e+02
3.011992797851562500e+02
2.410356445312500000e+02
3.357769470214843750e+02
5.404415283203125000e+02
5.040112915039062500e+02
3.965691528320312500e+02
5.984017333984375000e+02
4.052806396484375000e+02
4.790907287597656250e+02
3.678056640625000000e+02
3.212637329101562500e+02
3.510336608886718750e+02
3.296300659179687500e+02
3.696921997070312500e+02
4.739564514160156250e+02
4.937309875488281250e+02
3.841116638183593750e+02
3.280297241210937500e+02
2.227877044677734375e+02
2.244317932128906250e+02
5.058931579589843750e+02
2.590568542480468750e+02
3.115888671875000000e+02
3.873133239746093750e+02
4.275271606445312500e+02
3.849493408203125000e+02
3.931346435546875000e+02
2.971851806640625000e+02
4.566441650390625000e+02
4.383691711425781250e+02
3.793290405273437500e+02
4.011551513671875000e+02
2.556792755126953125e+02
5.716678466796875000e+02
4.781495971679687500e+02
3.035821533203125000e+02
2.871709594726562500e+02
3.779453735351562500e+02
4.508952026367187500e+02
3.968530883789062500e+02
2.466373138427734375e+02
2.069762420654296875e+02
2.348377227783203125e+02
3.360516052246093750e+02
4.327906799316406250e+02
4.033637390136718750e+02
3.258835144042968750e+02
4.473961791992187500e+02
3.175625915527343750e+02
3.267004089355468750e+02
3.730949096679687500e+02
5.135582275390625000e+02
4.433228149414062500e+02
3.142328186035156250e+02
3.654002380371093750e+02
3.907878112792968750e+02
4.035346679687500000e+02
3.726937255859375000e+02
4.264415283203125000e+02
2.643464965820312500e+02
3.434108886718750000e+02
2.515514068603515625e+02
3.628183288574218750e+02
3.106176147460937500e+02
3.190775451660156250e+02
3.243216552734375000e+02
3.330255737304687500e+02
2.961044921875000000e+02
2.133835449218750000e+02
2.864409790039062500e+02
2.500020904541015625e+02
2.933825988769531250e+02
3.023297729492187500e+02
3.851761779785156250e+02
3.392548828125000000e+02
2.809388122558593750e+02
5.208093261718750000e+02
3.309310607910156250e+02
2.371639556884765625e+02
5.899838256835937500e+02
3.129927368164062500e+02
4.162981872558593750e+02
3.162687988281250000e+02
4.988922424316406250e+02
3.979494018554687500e+02
3.281659851074218750e+02
3.019674377441406250e+02
3.397333068847656250e+02
2.493709259033203125e+02
3.631426696777343750e+02
2.276065063476562500e+02
3.070547790527343750e+02
4.830197753906250000e+02
4.192831726074218750e+02
4.241882934570312500e+02
4.234020690917968750e+02
3.086424865722656250e+02
2.932294006347656250e+02
3.509017639160156250e+02
2.910465087890625000e+02
3.232543640136718750e+02
3.650351257324218750e+02
3.835594787597656250e+02
2.732124938964843750e+02
4.220483093261718750e+02
3.418055114746093750e+02
3.040605468750000000e+02
3.299599609375000000e+02
2.593458862304687500e+02
3.777147521972656250e+02
2.813553161621093750e+02
3.191563110351562500e+02
3.296474304199218750e+02
2.273053741455078125e+02
3.534245910644531250e+02
2.487507476806640625e+02
4.529608154296875000e+02
2.621586608886718750e+02
2.938440551757812500e+02
3.349301452636718750e+02
2.698032531738281250e+02
3.136554260253906250e+02
2.944154663085937500e+02
2.422774047851562500e+02
3.412706909179687500e+02
2.990606079101562500e+02
2.407500762939453125e+02
4.602754211425781250e+02
3.166022644042968750e+02
4.316717834472656250e+02
5.028268127441406250e+02
2.299637145996093750e+02
2.084011077880859375e+02
4.232429504394531250e+02
3.757604064941406250e+02
3.729780578613281250e+02
2.676411437988281250e+02
3.076935424804687500e+02
3.167315063476562500e+02
4.216853942871093750e+02
3.937257995605468750e+02
3.780531005859375000e+02
2.636767272949218750e+02
3.676104431152343750e+02
3.751381530761718750e+02
4.705643005371093750e+02
4.000922241210937500e+02
3.430247497558593750e+02
3.214393615722656250e+02
5.566604614257812500e+02
4.352504882812500000e+02
3.920078430175781250e+02
3.838504028320312500e+02
2.893736877441406250e+02
2.628864135742187500e+02
4.279854736328125000e+02
2.836842041015625000e+02
4.340323181152343750e+02
2.306802673339843750e+02
3.959089050292968750e+02
2.826839599609375000e+02
2.708824157714843750e+02
2.700911560058593750e+02
4.337545471191406250e+02
3.143772277832031250e+02
4.078178405761718750e+02
4.184222106933593750e+02
3.098407592773437500e+02
4.584880371093750000e+02
3.403389282226562500e+02
3.555372314453125000e+02
3.964700927734375000e+02
2.739564819335937500e+02
2.696486816406250000e+02
4.489498596191406250e+02
2.732720031738281250e+02
4.807045898437500000e+02
3.229879150390625000e+02
4.233194580078125000e+02
4.609866638183593750e+02
2.875817260742187500e+02
2.314257659912109375e+02
3.557700500488281250e+02
3.691439514160156250e+02
2.458348388671875000e+02
4.010594787597656250e+02
4.175225219726562500e+02
3.742097778320312500e+02
5.657300415039062500e+02
2.986621093750000000e+02
2.480764465332031250e+02
3.714717712402343750e+02
3.163158874511718750e+02
3.139819946289062500e+02
2.177962188720703125e+02
3.233278808593750000e+02
3.318756408691406250e+02
3.665981140136718750e+02
4.178282775878906250e+02
2.058113250732421875e+02
4.445171203613281250e+02
2.773905029296875000e+02
4.640487365722656250e+02
3.259012756347656250e+02
2.380669403076171875e+02
3.767096557617187500e+02
2.402820129394531250e+02
4.066254882812500000e+02
2.874572143554687500e+02
4.947720031738281250e+02
3.192505187988281250e+02
3.905025939941406250e+02
3.456011657714843750e+02
2.387544097900390625e+02
4.017967529296875000e+02
2.381771850585937500e+02
4.025254211425781250e+02
3.717751464843750000e+02
2.701564941406250000e+02
3.384710998535156250e+02
4.051849975585937500e+02
2.627369995117187500e+02
2.435054168701171875e+02
4.294650268554687500e+02
3.204595642089843750e+02
3.540545349121093750e+02
3.048218994140625000e+02
4.176873474121093750e+02
3.671179504394531250e+02
3.167500305175781250e+02
3.911631774902343750e+02
2.803396606445312500e+02
3.480617980957031250e+02
