5.491599813103675842e-02
-5.464824289083480835e-02
-2.454270049929618835e-02
-1.084408909082412720e-01
-1.233299169689416885e-02
7.401880621910095215e-02
-5.173603445291519165e-02
-1.322369929403066635e-02
-9.106393903493881226e-02
1.208727341145277023e-02
1.396081894636154175e-01
1.081814840435981750e-01
-5.445907264947891235e-02
-1.666050106287002563e-01
-3.878673538565635681e-02
-6.788281351327896118e-02
-1.440492421388626099e-01
1.278066039085388184e-01
1.355794221162796021e-01
5.125096812844276428e-02
-3.205243125557899475e-02
1.465792357921600342e-01
6.894000805914402008e-03
-3.484142571687698364e-02
-6.316295824944972992e-03
-4.922488704323768616e-02
3.502944484353065491e-02
-3.874186426401138306e-02
-2.240923419594764709e-02
-7.126783579587936401e-02
-3.921140730381011963e-02
5.029829964041709900e-02
-8.134446293115615845e-02
8.829078823328018188e-02
-6.542187649756669998e-03
-1.336063295602798462e-01
3.276961296796798706e-02
-7.861163467168807983e-02
1.653490588068962097e-02
-7.773413509130477905e-02
-8.510768413543701172e-02
-1.107211187481880188e-01
2.648666687309741974e-02
-9.366761147975921631e-02
-7.559452950954437256e-02
4.841179586946964264e-03
-3.043797239661216736e-02
7.549248635768890381e-02
-1.974220760166645050e-02
-5.269781872630119324e-02
2.884714677929878235e-02
5.713317543268203735e-02
-6.987883895635604858e-02
3.757937625050544739e-02
1.033045500516891479e-01
5.810720100998878479e-02
-6.578394770622253418e-02
-7.454125583171844482e-02
-8.218089491128921509e-02
4.470555856823921204e-02
5.653295665979385376e-02
5.552852991968393326e-03
-1.291941404342651367e-01
3.071054257452487946e-02
1.174745336174964905e-01
1.216879487037658691e-01
8.087533712387084961e-02
-1.119415163993835449e-01
-5.909049138426780701e-02
7.063103839755058289e-03
-1.122129037976264954e-01
1.644519506953656673e-04
-1.401188671588897705e-01
1.033911332488059998e-01
1.880316622555255890e-02
-6.402201950550079346e-02
3.151660785079002380e-02
6.595157086849212646e-02
-8.343463391065597534e-02
-1.427389588207006454e-02
-8.340553194284439087e-02
-8.040999621152877808e-02
-1.749484054744243622e-02
-2.527829632163047791e-02
-9.158687666058540344e-03
1.323910504579544067e-01
-1.678360700607299805e-01
4.800605028867721558e-02
-3.392894193530082703e-02
-7.391671836376190186e-02
-1.415752023458480835e-01
1.297634467482566833e-02
-6.641009449958801270e-02
3.429365158081054688e-02
-1.036626249551773071e-01
6.774294376373291016e-02
-9.902627766132354736e-02
-5.094828084111213684e-03
-4.059228673577308655e-02
5.517514050006866455e-02
8.279589563608169556e-02
6.691050529479980469e-02
-1.532076112926006317e-02
1.675241738557815552e-01
-5.299846455454826355e-02
4.965039342641830444e-02
-1.777467876672744751e-02
8.589091151952743530e-02
3.107054904103279114e-02
1.155712828040122986e-01
4.652969539165496826e-02
8.793659508228302002e-03
8.393631130456924438e-02
5.545443668961524963e-02
2.099302969872951508e-02
-1.149629130959510803e-01
1.069944277405738831e-01
1.216111145913600922e-02
7.004842162132263184e-02
3.396266698837280273e-02
-2.986809425055980682e-02
-9.038888663053512573e-02
4.777535423636436462e-02
4.888578131794929504e-02
-1.776825189590454102e-01
7.642307132482528687e-02
-5.150755494832992554e-02
-1.636630147695541382e-01
1.272942721843719482e-01
8.952314406633377075e-02
-3.938934579491615295e-02
2.455631457269191742e-02
-1.402829587459564209e-01
1.871825009584426880e-02
1.147501915693283081e-02
-4.999167099595069885e-02
-6.434931606054306030e-02
-2.652163431048393250e-02
4.582442343235015869e-02
-1.461592912673950195e-01
-4.564386978745460510e-02
-3.093771450221538544e-02
-1.389103829860687256e-01
4.722308367490768433e-02
6.811872869729995728e-02
9.358773007988929749e-03
-2.354980632662773132e-02
-1.551365852355957031e-01
-2.195553854107856750e-02
1.306948810815811157e-01
-7.303165644407272339e-02
1.076374053955078125e-01
4.228135198354721069e-02
-1.017827987670898438e-01
-7.306443294510245323e-04
-8.565679937601089478e-02
-9.706132113933563232e-02
-4.437049850821495056e-02
-1.910723596811294556e-01
-4.596896097064018250e-02
-1.130577176809310913e-01
2.347461692988872528e-02
-1.047744043171405792e-02
1.752752065658569336e-01
6.906574219465255737e-02
1.954196952283382416e-02
1.050260066986083984e-01
-4.037234466522932053e-03
6.358563899993896484e-02
8.847342431545257568e-02
7.070671766996383667e-02
-1.021774336695671082e-01
-1.765115857124328613e-01
1.235292330384254456e-01
1.245008409023284912e-02
-5.476437136530876160e-02
3.141567111015319824e-02
-4.839860275387763977e-02
1.199835613369941711e-01
1.430294215679168701e-01
5.610588565468788147e-02
-7.607601583003997803e-02
-1.570649445056915283e-01
-1.781428754329681396e-01
-1.953738927841186523e-02
5.306980386376380920e-02
6.913340836763381958e-02
-3.160485997796058655e-02
3.336689248681068420e-02
3.710450977087020874e-02
-1.047905087471008301e-01
-1.448515150696039200e-02
5.192534253001213074e-02
-1.436394266784191132e-02
-9.327760338783264160e-02
3.324902430176734924e-02
1.002536565065383911e-01
-9.330995380878448486e-02
1.408120393753051758e-01
1.569374203681945801e-01
-1.049472764134407043e-02
2.859552390873432159e-02
-4.831105470657348633e-03
-1.452811062335968018e-01
1.228815764188766479e-01
1.067162305116653442e-01
-9.405345469713211060e-02
-1.455719470977783203e-01
-8.250942081212997437e-02
1.261641923338174820e-02
8.967126905918121338e-02
-1.195863187313079834e-01
-5.609288811683654785e-02
-4.488227143883705139e-02
1.322148740291595459e-01
9.935021400451660156e-02
2.577541582286357880e-02
6.011981517076492310e-02
8.357480913400650024e-02
8.883653208613395691e-03
-1.687580943107604980e-01
3.742157295346260071e-02
-3.849547728896141052e-02
-3.187890723347663879e-02
1.185866165906190872e-02
2.231165617704391479e-01
-1.490100752562284470e-03
8.347596973180770874e-02
-2.124771662056446075e-02
5.514187365770339966e-02
2.820712327957153320e-02
-2.049077004194259644e-01
2.310954034328460693e-02
3.081003762781620026e-02
8.009061217308044434e-02
-9.174939990043640137e-02
1.593764126300811768e-02
3.921884112060070038e-03
1.426207274198532104e-01
-9.967921674251556396e-02
4.058836400508880615e-02
8.066239207983016968e-02
-1.432002522051334381e-02
-1.666420511901378632e-02
8.508602529764175415e-02
-2.286718040704727173e-02
-1.067074760794639587e-02
2.149003557860851288e-02
1.572018023580312729e-03
-8.251938223838806152e-02
-1.028135567903518677e-01
-6.852850317955017090e-03
3.722959384322166443e-02
-1.477352827787399292e-01
-5.260489881038665771e-02
2.102848887443542480e-01
-1.389329582452774048e-01
8.163473755121231079e-02
1.821827143430709839e-01
6.084013730287551880e-02
-1.616883277893066406e-01
-3.871144354343414307e-02
1.659143716096878052e-01
-3.193430975079536438e-02
5.533638875931501389e-03
-6.193371489644050598e-02
1.797409728169441223e-02
-1.457351744174957275e-01
1.109069660305976868e-01
-9.084410220384597778e-02
-1.107629667967557907e-02
-1.906944215297698975e-01
1.060556322336196899e-01
7.148030400276184082e-02
1.396778672933578491e-01
-5.688352137804031372e-02
2.950370311737060547e-02
2.209574729204177856e-01
4.869150742888450623e-02
-5.361448228359222412e-02
1.523770987987518311e-01
1.602429598569869995e-01
1.547840833663940430e-01
2.618740200996398926e-01
-2.474796772003173828e-02
7.311285287141799927e-02
-1.624054163694381714e-01
8.943385630846023560e-02
1.265968531370162964e-01
3.920727595686912537e-02
6.087809056043624878e-02
6.025630980730056763e-02
5.866904556751251221e-02
-2.803255617618560791e-02
-1.579150706529617310e-01
5.691400542855262756e-02
2.332250587642192841e-02
-2.421738766133785248e-02
-3.300422057509422302e-02
-4.834477230906486511e-02
6.306056864559650421e-03
1.416059136390686035e-01
3.982825204730033875e-02
-1.246542260050773621e-01
9.528032690286636353e-02
4.409842658787965775e-03
8.485089056193828583e-03
4.256438091397285461e-02
-2.057460369542241096e-03
1.215290650725364685e-01
3.675962984561920166e-02
-8.625930547714233398e-02
-1.237506270408630371e-01
8.749835938215255737e-02
5.077047273516654968e-02
1.918825358152389526e-01
-9.794286452233791351e-03
-1.069286558777093887e-02
1.971551179885864258e-01
1.380316466093063354e-01
1.624678634107112885e-02
1.051160041242837906e-02
-9.352114051580429077e-03
6.580138951539993286e-02
5.468601733446121216e-02
1.196701917797327042e-02
8.952382206916809082e-02
1.976351998746395111e-02
-4.329171031713485718e-02
8.338322490453720093e-02
-4.964522551745176315e-03
-8.459187299013137817e-02
3.168173134326934814e-02
2.793034724891185760e-02
6.919772922992706299e-02
2.800932154059410095e-02
1.045942306518554688e-02
-2.918300032615661621e-02
9.891014546155929565e-02
1.500034630298614502e-01
-1.812031716108322144e-01
1.320281531661748886e-02
-1.022796928882598877e-01
9.991591423749923706e-02
3.689244762063026428e-02
-2.891424857079982758e-02
-6.072231382131576538e-02
3.598207607865333557e-02
2.014476247131824493e-02
5.271278694272041321e-02
9.019435197114944458e-02
-2.198139578104019165e-02
-1.679315790534019470e-02
-1.095461398363113403e-01
2.707134559750556946e-02
7.541837543249130249e-02
6.151848286390304565e-02
-6.883242726325988770e-02
-1.988160796463489532e-02
-4.972168803215026855e-02
-1.910642255097627640e-03
-1.046352535486221313e-01
1.577922403812408447e-01
9.445370733737945557e-02
-3.114754706621170044e-02
-2.529872022569179535e-02
4.703719913959503174e-02
6.929642707109451294e-02
-8.457440137863159180e-02
5.389600619673728943e-02
-5.422039702534675598e-02
1.189258545637130737e-01
2.130179405212402344e-01
9.389470517635345459e-02
7.063106447458267212e-02
-5.831677466630935669e-03
-1.115307025611400604e-02
-1.472066044807434082e-01
7.081515341997146606e-02
-2.424968779087066650e-02
2.463298663496971130e-02
-5.723259598016738892e-02
-3.458096832036972046e-02
-1.456617414951324463e-01
1.947710756212472916e-03
-3.971006721258163452e-02
-1.185631453990936279e-01
1.632243841886520386e-01
-2.786170132458209991e-02
5.873655434697866440e-03
-6.286776065826416016e-02
-1.694116890430450439e-01
-4.197221249341964722e-02
-4.540149122476577759e-02
-2.587215602397918701e-02
1.004316285252571106e-01
8.785305544734001160e-03
-7.076258957386016846e-02
-5.156947299838066101e-02
-1.028012856841087341e-01
