2.728675292968750000e+03
2.481579101562500000e+03
3.331290771484375000e+03
2.445990234375000000e+03
2.554823242187500000e+03
2.916763183593750000e+03
1.866051025390625000e+03
3.125840332031250000e+03
1.528628417968750000e+03
2.725968017578125000e+03
1.957687744140625000e+03
2.156192138671875000e+03
3.126278564453125000e+03
2.115999267578125000e+03
3.146982666015625000e+03
2.110856445312500000e+03
2.711801025390625000e+03
2.927760253906250000e+03
3.163686035156250000e+03
2.123587402343750000e+03
3.312842773437500000e+03
2.467142578125000000e+03
1.796750610351562500e+03
3.418704101562500000e+03
4.372988281250000000e+03
1.906503173828125000e+03
2.802301025390625000e+03
2.560524414062500000e+03
1.595830932617187500e+03
3.604090087890625000e+03
2.681438964843750000e+03
3.199872558593750000e+03
2.320082519531250000e+03
2.057382324218750000e+03
1.911668457031250000e+03
3.381914550781250000e+03
2.398459716796875000e+03
3.137223144531250000e+03
1.004146789550781250e+03
2.227172119140625000e+03
2.825368652343750000e+03
4.010833984375000000e+03
2.967399658203125000e+03
2.249499755859375000e+03
2.441159912109375000e+03
2.076814941406250000e+03
3.117620849609375000e+03
2.081018798828125000e+03
3.311601074218750000e+03
1.472445922851562500e+03
2.125779541015625000e+03
2.079846679687500000e+03
2.409698486328125000e+03
1.628062866210937500e+03
2.793507324218750000e+03
1.780152709960937500e+03
2.631266601562500000e+03
2.533308105468750000e+03
2.611356689453125000e+03
3.264958740234375000e+03
1.909139404296875000e+03
2.424548828125000000e+03
2.429210937500000000e+03
2.559759033203125000e+03
1.666711914062500000e+03
2.850397216796875000e+03
2.742847656250000000e+03
3.223987548828125000e+03
3.188357666015625000e+03
2.389976074218750000e+03
2.603564941406250000e+03
2.692978271484375000e+03
3.241338867187500000e+03
2.407137695312500000e+03
3.056265869140625000e+03
1.668478393554687500e+03
2.427436523437500000e+03
2.829200683593750000e+03
1.547470947265625000e+03
2.215490478515625000e+03
2.227857910156250000e+03
2.765260498046875000e+03
2.881999267578125000e+03
2.163832519531250000e+03
1.739350463867187500e+03
3.335511230468750000e+03
2.674006103515625000e+03
3.515840087890625000e+03
4.235304687500000000e+03
3.267374511718750000e+03
2.645781738281250000e+03
1.535012084960937500e+03
3.137463134765625000e+03
2.048314697265625000e+03
1.744994018554687500e+03
3.670757812500000000e+03
2.063495849609375000e+03
2.250666015625000000e+03
2.802972412109375000e+03
2.399426757812500000e+03
1.324159667968750000e+03
2.550485839843750000e+03
1.856192504882812500e+03
2.521626953125000000e+03
2.442465576171875000e+03
2.871086914062500000e+03
2.139245117187500000e+03
2.383683837890625000e+03
2.338806640625000000e+03
2.152925781250000000e+03
3.347967285156250000e+03
2.792684326171875000e+03
2.004349243164062500e+03
2.509999267578125000e+03
3.930715576171875000e+03
2.795569091796875000e+03
2.055899169921875000e+03
2.160516845703125000e+03
2.796650146484375000e+03
2.058356201171875000e+03
1.912618286132812500e+03
2.834904541015625000e+03
3.020974365234375000e+03
1.745399291992187500e+03
2.367925048828125000e+03
3.253059326171875000e+03
1.627733032226562500e+03
1.551952758789062500e+03
2.798261962890625000e+03
2.432857421875000000e+03
3.949450439453125000e+03
2.293658203125000000e+03
3.065270019531250000e+03
2.822854003906250000e+03
2.984708251953125000e+03
2.313344482421875000e+03
2.282098632812500000e+03
3.495585937500000000e+03
3.204606201171875000e+03
3.414203125000000000e+03
2.217236816406250000e+03
2.325823242187500000e+03
2.386167236328125000e+03
2.704552978515625000e+03
2.619495361328125000e+03
4.251979492187500000e+03
1.600722534179687500e+03
2.742476318359375000e+03
3.525168457031250000e+03
1.937272338867187500e+03
2.825950195312500000e+03
2.906351318359375000e+03
2.207040771484375000e+03
1.569789184570312500e+03
2.321781494140625000e+03
2.330000732421875000e+03
1.920414184570312500e+03
2.580106689453125000e+03
2.597925048828125000e+03
2.510625000000000000e+03
2.725213623046875000e+03
2.932172851562500000e+03
1.612444335937500000e+03
3.209447753906250000e+03
1.720889404296875000e+03
2.656776611328125000e+03
2.801015380859375000e+03
1.438348754882812500e+03
2.882132812500000000e+03
2.816535400390625000e+03
2.368820800781250000e+03
1.838214355468750000e+03
2.100505126953125000e+03
2.445455810546875000e+03
2.042389770507812500e+03
3.389444580078125000e+03
2.402176025390625000e+03
2.384243164062500000e+03
2.014668457031250000e+03
2.391464355468750000e+03
1.848885864257812500e+03
2.198585205078125000e+03
2.444360839843750000e+03
2.203487548828125000e+03
2.607304687500000000e+03
2.373016113281250000e+03
2.570363037109375000e+03
3.136434326171875000e+03
1.746448242187500000e+03
1.813329345703125000e+03
2.871848632812500000e+03
1.847337158203125000e+03
2.290497802734375000e+03
1.635589721679687500e+03
2.737576904296875000e+03
2.091863037109375000e+03
2.826186523437500000e+03
3.396713378906250000e+03
2.450238281250000000e+03
2.248427001953125000e+03
2.384350341796875000e+03
1.963759033203125000e+03
3.096623291015625000e+03
2.247890869140625000e+03
2.662690185546875000e+03
2.171199462890625000e+03
1.695680786132812500e+03
1.892128662109375000e+03
1.720509399414062500e+03
3.645436279296875000e+03
2.614894287109375000e+03
1.744201293945312500e+03
2.305906982421875000e+03
2.443791992187500000e+03
2.174033203125000000e+03
2.577504150390625000e+03
2.072099121093750000e+03
1.816386962890625000e+03
2.329677246093750000e+03
2.553352050781250000e+03
2.552758789062500000e+03
1.726362670898437500e+03
3.594432128906250000e+03
3.434604492187500000e+03
2.361192871093750000e+03
1.677087280273437500e+03
2.599843750000000000e+03
2.058313720703125000e+03
2.612839599609375000e+03
1.840342773437500000e+03
2.134464111328125000e+03
2.776079589843750000e+03
3.292813964843750000e+03
2.631487792968750000e+03
2.913376220703125000e+03
2.163271484375000000e+03
3.011831054687500000e+03
3.367650146484375000e+03
3.502655273437500000e+03
2.362383789062500000e+03
2.653125000000000000e+03
3.436235839843750000e+03
2.560204833984375000e+03
3.216916259765625000e+03
2.898488769531250000e+03
2.507682373046875000e+03
2.241762939453125000e+03
2.350978759765625000e+03
3.212918457031250000e+03
2.548248291015625000e+03
2.781617431640625000e+03
2.408725341796875000e+03
2.699695556640625000e+03
3.591558105468750000e+03
2.937154785156250000e+03
2.283760742187500000e+03
2.269221435546875000e+03
3.246694091796875000e+03
2.592346435546875000e+03
2.700200927734375000e+03
2.815106933593750000e+03
2.343788085937500000e+03
2.661602050781250000e+03
3.000539794921875000e+03
1.837109985351562500e+03
2.426054687500000000e+03
2.193472900390625000e+03
1.604934570312500000e+03
2.137374267578125000e+03
3.038446289062500000e+03
2.075937500000000000e+03
2.159640136718750000e+03
2.539684326171875000e+03
2.230049804687500000e+03
2.264916748046875000e+03
2.377919189453125000e+03
3.293575195312500000e+03
3.045130371093750000e+03
2.577642822265625000e+03
2.743015136718750000e+03
1.842967773437500000e+03
2.618944580078125000e+03
2.362995361328125000e+03
3.238810302734375000e+03
2.285205566406250000e+03
2.681714355468750000e+03
4.256004882812500000e+03
2.055572509765625000e+03
1.621359619140625000e+03
2.790926025390625000e+03
2.687613281250000000e+03
3.379237060546875000e+03
2.390674560546875000e+03
2.107748779296875000e+03
2.008983764648437500e+03
3.083716064453125000e+03
2.369079345703125000e+03
2.571696777343750000e+03
1.725209594726562500e+03
2.206886474609375000e+03
2.507145507812500000e+03
2.480342529296875000e+03
2.800301513671875000e+03
2.945794433593750000e+03
3.589847900390625000e+03
3.177593017578125000e+03
3.809292480468750000e+03
1.533382568359375000e+03
2.116275878906250000e+03
3.100188232421875000e+03
2.666177978515625000e+03
2.197918701171875000e+03
2.474869628906250000e+03
2.137253662109375000e+03
3.175125976562500000e+03
2.899300292968750000e+03
2.290498535156250000e+03
2.538415039062500000e+03
2.370220947265625000e+03
3.274976074218750000e+03
2.030286132812500000e+03
3.364413818359375000e+03
2.627165283203125000e+03
3.273756347656250000e+03
2.424017822265625000e+03
2.018622680664062500e+03
2.078511230468750000e+03
1.790916503906250000e+03
2.629025146484375000e+03
2.452200195312500000e+03
3.052383544921875000e+03
2.357515625000000000e+03
2.875850585937500000e+03
2.518258300781250000e+03
2.643662597656250000e+03
2.435237792968750000e+03
2.498939208984375000e+03
2.996595214843750000e+03
1.678003662109375000e+03
2.394506835937500000e+03
3.147683349609375000e+03
2.054867187500000000e+03
1.786752685546875000e+03
1.931722167968750000e+03
1.837337890625000000e+03
1.861762084960937500e+03
2.445377441406250000e+03
3.125879638671875000e+03
2.156905273437500000e+03
2.932184570312500000e+03
2.563855712890625000e+03
1.769897094726562500e+03
2.451342773437500000e+03
2.610527099609375000e+03
2.497334228515625000e+03
2.566432128906250000e+03
2.540529541015625000e+03
2.110536865234375000e+03
2.590577636718750000e+03
3.180032470703125000e+03
2.516634033203125000e+03
2.008992553710937500e+03
3.705892578125000000e+03
3.803861816406250000e+03
3.812845703125000000e+03
3.511524169921875000e+03
2.781675048828125000e+03
2.308232666015625000e+03
2.600300781250000000e+03
2.286828369140625000e+03
2.390416992187500000e+03
3.342613281250000000e+03
2.478840576171875000e+03
2.168283447265625000e+03
2.719027587890625000e+03
2.902083740234375000e+03
1.669749389648437500e+03
2.927685302734375000e+03
2.421264892578125000e+03
2.075929199218750000e+03
2.468391357421875000e+03
1.886140258789062500e+03
1.941503173828125000e+03
2.718039550781250000e+03
2.317263671875000000e+03
2.086578369140625000e+03
2.619063476562500000e+03
3.846171630859375000e+03
1.918182617187500000e+03
2.463707519531250000e+03
3.100848144531250000e+03
2.227489746093750000e+03
2.932938476562500000e+03
3.884159912109375000e+03
2.822042968750000000e+03
2.664100830078125000e+03
2.112883789062500000e+03
1.687396362304687500e+03
3.361776855468750000e+03
3.137332275390625000e+03
