9.802542328834533691e-01
9.714030027389526367e-01
1.146681666374206543e+00
1.000448703765869141e+00
1.012711048126220703e+00
1.056243300437927246e+00
1.059332966804504395e+00
1.126894235610961914e+00
9.428750276565551758e-01
1.162167787551879883e+00
1.034453272819519043e+00
9.268643856048583984e-01
1.125742912292480469e+00
1.034072518348693848e+00
1.082406044006347656e+00
9.961138963699340820e-01
8.890197277069091797e-01
1.025282979011535645e+00
1.133169770240783691e+00
1.015707850456237793e+00
1.020182847976684570e+00
1.124143123626708984e+00
9.406524300575256348e-01
1.087280750274658203e+00
1.064375281333923340e+00
1.062623262405395508e+00
1.016425490379333496e+00
1.038639783859252930e+00
9.604701399803161621e-01
1.054882049560546875e+00
9.906466603279113770e-01
1.157503485679626465e+00
1.118852734565734863e+00
1.045490384101867676e+00
9.622931480407714844e-01
1.015537500381469727e+00
9.070807695388793945e-01
1.050197243690490723e+00
1.036087512969970703e+00
1.003401517868041992e+00
1.017539739608764648e+00
1.061893224716186523e+00
1.036697506904602051e+00
1.093758821487426758e+00
1.088321208953857422e+00
9.158945679664611816e-01
1.023479342460632324e+00
1.062197804450988770e+00
1.110090970993041992e+00
9.998745322227478027e-01
9.347324371337890625e-01
9.664611816406250000e-01
1.048168301582336426e+00
9.446914196014404297e-01
1.041391253471374512e+00
9.817495346069335938e-01
1.053944706916809082e+00
9.845757484436035156e-01
9.616547226905822754e-01
9.404476881027221680e-01
9.888665676116943359e-01
1.061278820037841797e+00
1.005233764648437500e+00
1.024424552917480469e+00
1.049507498741149902e+00
1.004278302192687988e+00
9.871046543121337891e-01
9.893103837966918945e-01
9.773683547973632812e-01
9.765042066574096680e-01
1.098606467247009277e+00
1.073028683662414551e+00
1.106665849685668945e+00
9.877427816390991211e-01
1.080376863479614258e+00
1.034774661064147949e+00
1.090865850448608398e+00
1.136291861534118652e+00
1.013981699943542480e+00
1.017514109611511230e+00
1.053210854530334473e+00
1.068058848381042480e+00
1.009813666343688965e+00
1.194384455680847168e+00
1.096403837203979492e+00
1.188559889793395996e+00
9.997038245201110840e-01
9.996813535690307617e-01
1.167510986328125000e+00
1.100122570991516113e+00
1.052190542221069336e+00
9.776450991630554199e-01
1.054474353790283203e+00
1.044582366943359375e+00
1.143560290336608887e+00
1.059441566467285156e+00
1.030155301094055176e+00
1.095080375671386719e+00
9.914258718490600586e-01
1.102312803268432617e+00
1.059549689292907715e+00
1.092138051986694336e+00
1.082581996917724609e+00
1.100268363952636719e+00
1.030125260353088379e+00
1.023388743400573730e+00
9.368755817413330078e-01
1.012979984283447266e+00
1.111328244209289551e+00
9.722195863723754883e-01
1.030060410499572754e+00
1.058583378791809082e+00
1.016701817512512207e+00
1.042511105537414551e+00
1.095292925834655762e+00
9.746187925338745117e-01
1.094612479209899902e+00
1.004964470863342285e+00
1.005400776863098145e+00
1.012156963348388672e+00
1.129987716674804688e+00
1.078476786613464355e+00
1.077421188354492188e+00
8.909538984298706055e-01
1.012959957122802734e+00
1.044272780418395996e+00
1.085908055305480957e+00
1.104648947715759277e+00
1.044348120689392090e+00
1.005028009414672852e+00
1.041445493698120117e+00
9.897003769874572754e-01
1.007993698120117188e+00
1.009366750717163086e+00
1.039197802543640137e+00
9.499819278717041016e-01
1.192676901817321777e+00
1.137365221977233887e+00
9.844470024108886719e-01
1.100473046302795410e+00
9.593093395233154297e-01
1.120234131813049316e+00
1.013829588890075684e+00
1.069135069847106934e+00
1.083912253379821777e+00
1.064411640167236328e+00
9.593554139137268066e-01
1.056501269340515137e+00
1.015173435211181641e+00
1.064007759094238281e+00
1.119418859481811523e+00
1.029752969741821289e+00
1.052913546562194824e+00
1.039547204971313477e+00
1.053918719291687012e+00
1.039389967918395996e+00
1.090366005897521973e+00
1.088926315307617188e+00
9.822021722793579102e-01
1.105833768844604492e+00
9.806904196739196777e-01
1.102736592292785645e+00
9.729167222976684570e-01
1.159835934638977051e+00
1.022410392761230469e+00
1.086748838424682617e+00
1.070027709007263184e+00
9.828475713729858398e-01
9.962011575698852539e-01
1.010290384292602539e+00
1.072248578071594238e+00
1.034249067306518555e+00
9.925431609153747559e-01
1.083401679992675781e+00
1.045871019363403320e+00
9.652400016784667969e-01
1.100068807601928711e+00
1.098682403564453125e+00
1.040410280227661133e+00
9.907001852989196777e-01
1.146072268486022949e+00
1.090845942497253418e+00
1.086862087249755859e+00
1.077699184417724609e+00
1.091082096099853516e+00
1.035638093948364258e+00
1.082690238952636719e+00
1.117219805717468262e+00
1.032481312751770020e+00
1.129488110542297363e+00
1.089484810829162598e+00
9.526223540306091309e-01
1.057508945465087891e+00
9.986807107925415039e-01
1.153225898742675781e+00
1.080344438552856445e+00
9.287432432174682617e-01
9.529574513435363770e-01
9.899340867996215820e-01
9.652533531188964844e-01
9.328010082244873047e-01
1.068178057670593262e+00
1.006409406661987305e+00
1.084504246711730957e+00
9.328520894050598145e-01
9.553557038307189941e-01
1.024809360504150391e+00
1.051960587501525879e+00
1.073392987251281738e+00
9.142411947250366211e-01
9.620681405067443848e-01
1.068408131599426270e+00
1.107730150222778320e+00
9.887627959251403809e-01
1.088812828063964844e+00
1.024718165397644043e+00
9.823055267333984375e-01
1.073850989341735840e+00
9.643489122390747070e-01
1.097077012062072754e+00
1.038712501525878906e+00
1.054859280586242676e+00
1.016350150108337402e+00
1.201138496398925781e+00
1.049699902534484863e+00
1.072806239128112793e+00
1.013247728347778320e+00
1.060770988464355469e+00
9.441998004913330078e-01
9.192831516265869141e-01
1.114998579025268555e+00
9.954183697700500488e-01
1.173996806144714355e+00
9.858745932579040527e-01
1.002480626106262207e+00
1.061217665672302246e+00
1.109694719314575195e+00
9.877441525459289551e-01
1.079145550727844238e+00
1.037953972816467285e+00
1.106193661689758301e+00
1.140496611595153809e+00
1.041210055351257324e+00
1.189083695411682129e+00
1.007137537002563477e+00
1.046022415161132812e+00
1.100143909454345703e+00
1.091349601745605469e+00
9.557018280029296875e-01
1.096745014190673828e+00
1.081757187843322754e+00
9.868114590644836426e-01
9.356477856636047363e-01
9.572536349296569824e-01
1.124111890792846680e+00
1.006352424621582031e+00
1.098011016845703125e+00
1.153041481971740723e+00
9.945133328437805176e-01
1.087436556816101074e+00
1.026407480239868164e+00
9.945364594459533691e-01
1.095585346221923828e+00
1.046067833900451660e+00
9.336945414543151855e-01
9.963886737823486328e-01
1.037896156311035156e+00
1.024667978286743164e+00
1.027027487754821777e+00
1.112666606903076172e+00
1.036805868148803711e+00
1.121213793754577637e+00
1.118865609169006348e+00
1.031841516494750977e+00
1.113636970520019531e+00
9.663399457931518555e-01
9.956752061843872070e-01
1.138543725013732910e+00
1.101546168327331543e+00
1.124515533447265625e+00
9.485213160514831543e-01
1.142526268959045410e+00
1.021373391151428223e+00
1.054906249046325684e+00
9.554742574691772461e-01
1.036661386489868164e+00
1.080279946327209473e+00
1.001531124114990234e+00
9.501872658729553223e-01
1.028672456741333008e+00
1.073240041732788086e+00
1.026047945022583008e+00
1.051377773284912109e+00
1.070300817489624023e+00
1.024972796440124512e+00
1.017620325088500977e+00
1.135944247245788574e+00
1.057060003280639648e+00
1.080275535583496094e+00
1.012366771697998047e+00
1.161245584487915039e+00
1.123046755790710449e+00
1.010067939758300781e+00
9.538040757179260254e-01
1.017311930656433105e+00
9.569399356842041016e-01
1.064879894256591797e+00
1.027081012725830078e+00
1.117418527603149414e+00
1.046200513839721680e+00
9.935094118118286133e-01
1.049130797386169434e+00
1.101082801818847656e+00
1.057279586791992188e+00
1.079117655754089355e+00
1.123322606086730957e+00
1.033560395240783691e+00
1.007217526435852051e+00
1.052357077598571777e+00
1.034289121627807617e+00
1.120533347129821777e+00
1.115119934082031250e+00
9.417955875396728516e-01
1.005778193473815918e+00
9.187408089637756348e-01
9.970965385437011719e-01
1.005314230918884277e+00
8.573309779167175293e-01
1.131727099418640137e+00
1.152904629707336426e+00
1.151623606681823730e+00
1.011057615280151367e+00
1.054665803909301758e+00
1.024607658386230469e+00
1.047008037567138672e+00
1.087939023971557617e+00
1.094202637672424316e+00
1.044545412063598633e+00
1.006770849227905273e+00
1.092031955718994141e+00
1.128516197204589844e+00
9.818143248558044434e-01
9.152140021324157715e-01
1.046797037124633789e+00
1.069728493690490723e+00
9.959186315536499023e-01
1.078948378562927246e+00
1.136967420578002930e+00
1.008935093879699707e+00
9.647611379623413086e-01
1.068046092987060547e+00
9.693442583084106445e-01
9.635786414146423340e-01
1.050493717193603516e+00
9.812777042388916016e-01
1.004598617553710938e+00
1.055794239044189453e+00
1.022348642349243164e+00
1.144193887710571289e+00
1.012160181999206543e+00
1.009366631507873535e+00
1.047986865043640137e+00
1.032135128974914551e+00
1.245466947555541992e+00
1.142520189285278320e+00
1.110923886299133301e+00
1.100979685783386230e+00
1.135640859603881836e+00
1.036689043045043945e+00
1.149839401245117188e+00
1.031033277511596680e+00
1.135241270065307617e+00
1.031581640243530273e+00
1.092860817909240723e+00
9.691600203514099121e-01
1.161731839179992676e+00
1.014652490615844727e+00
9.264181256294250488e-01
1.108196139335632324e+00
1.061976790428161621e+00
9.953764081001281738e-01
1.035067796707153320e+00
9.950287938117980957e-01
1.214258551597595215e+00
1.059419631958007812e+00
1.061930656433105469e+00
9.875015020370483398e-01
1.021961927413940430e+00
1.058261990547180176e+00
1.028534173965454102e+00
9.936332106590270996e-01
9.477331638336181641e-01
9.929285645484924316e-01
1.087430000305175781e+00
9.916951656341552734e-01
1.100250482559204102e+00
1.041249513626098633e+00
9.978784322738647461e-01
1.064065217971801758e+00
1.115260601043701172e+00
