-4.148039817810058594e+00
1.832233786582946777e+00
-5.122804045677185059e-01
-7.153119087219238281e+00
1.580225080251693726e-01
3.428436756134033203e+00
7.591947555541992188e+00
2.995804786682128906e+00
-4.810973644256591797e+00
3.566246032714843750e+00
-1.705967903137207031e+00
8.700207710266113281e+00
4.058462619781494141e+00
3.004136562347412109e+00
2.763625979423522949e-01
4.764548242092132568e-01
-8.355924606323242188e+00
5.293825626373291016e+00
-8.964412689208984375e+00
2.759709358215332031e+00
-5.782847881317138672e+00
4.537664413452148438e+00
5.321069359779357910e-01
1.740952432155609131e-01
-4.678821086883544922e+00
-1.294274032115936279e-01
1.585493206977844238e+00
-2.086031913757324219e+00
3.533127784729003906e+00
-3.596546053886413574e-01
7.425647258758544922e+00
1.417783451080322266e+01
-4.516029357910156250e+00
-2.946579456329345703e+00
2.381409645080566406e+00
-4.237449645996093750e+00
-3.546353340148925781e+00
5.269824504852294922e+00
-4.705692768096923828e+00
-5.868025779724121094e+00
-8.357528686523437500e+00
-2.150211572647094727e+00
-1.131701469421386719e+00
-5.815149307250976562e+00
-1.015172576904296875e+01
7.808059692382812500e+00
-5.847805976867675781e+00
5.076985359191894531e+00
1.201149559020996094e+01
-3.143921792507171631e-01
1.408310174942016602e+00
-2.460343122482299805e+00
1.519497871398925781e+00
2.842300415039062500e+00
-5.603934288024902344e+00
-2.224084615707397461e+00
-7.141832828521728516e+00
-2.525363266468048096e-01
-9.192089080810546875e+00
4.220314621925354004e-01
4.646895408630371094e+00
-1.489226460456848145e+00
-4.627811431884765625e+00
-9.149603843688964844e-01
-3.003165125846862793e-01
-5.080106258392333984e+00
1.837052941322326660e+00
2.452450245618820190e-01
-3.823557198047637939e-01
4.347380161285400391e+00
-1.748335480690002441e+00
-6.305340290069580078e+00
5.907485485076904297e-01
-5.948840618133544922e+00
-8.856542110443115234e-01
-1.867771625518798828e+00
-2.430982112884521484e+00
-1.654042482376098633e+00
1.067968082427978516e+01
9.365547895431518555e-01
-8.878956437110900879e-01
-6.752226829528808594e+00
-5.802604675292968750e+00
1.210886359214782715e+00
1.806901454925537109e+00
1.051235008239746094e+01
-7.433643341064453125e+00
-3.052765130996704102e+00
4.888580322265625000e+00
1.094133758544921875e+01
-7.797162055969238281e+00
-3.485430717468261719e+00
-1.026883125305175781e+00
-3.581521034240722656e+00
-4.275290489196777344e+00
-4.431306838989257812e+00
-1.012900829315185547e+00
-6.599931716918945312e-01
1.045586204528808594e+01
-1.193509960174560547e+01
2.608028411865234375e+00
-2.189938306808471680e+00
-1.734560966491699219e+00
6.414060592651367188e+00
-1.107678651809692383e+00
1.998921513557434082e+00
-6.554709911346435547e+00
4.952902793884277344e+00
-8.203721046447753906e+00
-3.090218544006347656e+00
1.243274331092834473e+00
-3.136062026023864746e-01
4.095006585121154785e-01
8.150146484375000000e+00
-4.730404853820800781e+00
-7.243010997772216797e+00
-4.220860481262207031e+00
-1.161984205245971680e+00
4.970741271972656250e+00
8.941773176193237305e-01
-5.324152946472167969e+00
-2.426208257675170898e+00
-5.091811656951904297e+00
4.207844734191894531e+00
-4.454809665679931641e+00
7.659769058227539062e+00
4.498220443725585938e+00
-2.575304508209228516e+00
4.855003833770751953e+00
-2.032456636428833008e+00
-9.630950927734375000e+00
2.179344654083251953e+00
-9.520632743835449219e+00
8.777124404907226562e+00
4.635361671447753906e+00
4.469331741333007812e+00
-3.242161035537719727e+00
-5.702413082122802734e+00
8.721665292978286743e-02
9.018225669860839844e+00
-4.680242538452148438e+00
2.095378398895263672e+00
-1.633156388998031616e-01
-5.663974285125732422e-01
-1.715362548828125000e+00
-5.153624057769775391e+00
-9.694855690002441406e+00
4.114412307739257812e+00
2.291357755661010742e+00
2.597472906112670898e+00
-2.202198952436447144e-01
4.703693866729736328e+00
5.766064167022705078e+00
-9.616229534149169922e-01
4.203567504882812500e+00
1.129164886474609375e+01
-1.013242602348327637e+00
-1.319064378738403320e+00
-5.770429134368896484e+00
2.467113494873046875e+00
-9.079572677612304688e+00
-4.128820419311523438e+00
-1.177944183349609375e+00
5.856473445892333984e+00
8.997510075569152832e-01
-3.860810756683349609e+00
-6.352049827575683594e+00
4.416224002838134766e+00
-7.270966053009033203e+00
1.254137420654296875e+01
-3.329909086227416992e+00
-1.856473445892333984e+00
-7.623285770416259766e+00
-1.270242214202880859e+00
2.366180658340454102e+00
2.626064538955688477e+00
6.333965778350830078e+00
-1.344913959503173828e+00
2.787203311920166016e+00
4.717864990234375000e+00
1.801650166511535645e+00
-2.789041519165039062e+00
-5.968520641326904297e+00
-5.247613906860351562e+00
-5.858346223831176758e-01
3.039117574691772461e+00
5.262421131134033203e+00
-6.277015686035156250e+00
-1.793988347053527832e-01
3.483532071113586426e-01
2.754457890987396240e-01
3.753904998302459717e-01
-4.998284816741943359e+00
-7.088819742202758789e-01
-2.898652791976928711e+00
-5.148029804229736328e+00
4.413615465164184570e-01
6.076863288879394531e+00
4.996949195861816406e+00
4.552932739257812500e+00
-4.536800861358642578e+00
-4.111415863037109375e+00
6.068671226501464844e+00
-8.979948043823242188e+00
4.552775859832763672e+00
2.706902623176574707e-01
-5.218894004821777344e+00
-6.338064193725585938e+00
9.345863014459609985e-02
-2.095491647720336914e+00
2.299652099609375000e+00
-5.155519008636474609e+00
-7.614995241165161133e-01
-1.639155745506286621e+00
-1.581461191177368164e+00
-5.365730762481689453e+00
9.135846138000488281e+00
2.663017511367797852e+00
1.828955888748168945e+00
-7.265100479125976562e-01
-7.675539255142211914e-01
5.472754001617431641e+00
-1.727169513702392578e+00
5.342587828636169434e-01
-7.577811241149902344e+00
2.181130170822143555e+00
-5.324339389801025391e+00
-3.898102998733520508e+00
-4.262511253356933594e+00
3.949535131454467773e+00
-1.468540430068969727e+00
-6.991816997528076172e+00
8.679856300354003906e+00
-1.196046638488769531e+01
5.296798348426818848e-01
8.909254074096679688e-01
2.785814762115478516e+00
-5.866503119468688965e-01
-1.122130632400512695e+00
-1.006338691711425781e+01
3.781749010086059570e-01
2.069566726684570312e+00
1.479426383972167969e+00
4.976912021636962891e+00
-6.712406158447265625e+00
-4.012217521667480469e+00
3.044299364089965820e+00
-2.743761539459228516e+00
5.075269699096679688e+00
-1.130624651908874512e+00
-1.066394424438476562e+01
-9.478391647338867188e+00
-9.354654312133789062e+00
-5.092230796813964844e+00
-5.320154666900634766e+00
1.173187375068664551e+00
-4.945214748382568359e+00
-9.995774924755096436e-02
-1.245710730552673340e+00
-6.571893215179443359e+00
1.782216191291809082e+00
7.279310703277587891e+00
1.283924865722656250e+01
6.149953842163085938e+00
-6.004830822348594666e-02
-2.800080537796020508e+00
-4.997838973999023438e+00
2.808584690093994141e+00
1.472244501113891602e+00
8.310766220092773438e+00
-1.701903581619262695e+00
-1.459652781486511230e+00
7.661818027496337891e+00
-6.976340413093566895e-01
-3.757431745529174805e+00
-2.035861968994140625e+00
-8.224290609359741211e-01
-2.651390075683593750e+00
3.348825454711914062e+00
-8.871979713439941406e-01
5.780638456344604492e-01
8.964253425598144531e+00
-7.144932270050048828e+00
-5.407260656356811523e-01
-3.523915529251098633e+00
4.333370208740234375e+00
7.328262805938720703e+00
-4.975407600402832031e+00
4.378100872039794922e+00
-4.176394462585449219e+00
2.369528532028198242e+00
-8.494569063186645508e-01
2.843636512756347656e+00
-2.104127407073974609e+00
-1.585241556167602539e+00
1.611817479133605957e+00
-5.795668601989746094e+00
-6.818371772766113281e+00
-4.437174797058105469e+00
4.186500549316406250e+00
5.532746791839599609e+00
2.667686939239501953e+00
2.405837535858154297e+00
-1.132706761360168457e+00
1.938061118125915527e+00
1.358954548835754395e+00
-1.562066912651062012e+00
2.940578699111938477e+00
-5.346896648406982422e+00
-9.557140350341796875e+00
-7.608576297760009766e+00
-1.885352253913879395e+00
7.086198806762695312e+00
1.044645690917968750e+01
-5.509541511535644531e+00
8.403760910034179688e+00
-3.678978919982910156e+00
-3.916054487228393555e+00
1.936078786849975586e+00
5.283429622650146484e+00
-2.318752288818359375e+00
-1.163024806976318359e+01
-5.522589206695556641e+00
-3.527934789657592773e+00
-5.853192329406738281e+00
5.972412109375000000e+00
-2.811633944511413574e-01
-5.728954076766967773e-01
-1.573890209197998047e+00
3.130566596984863281e+00
-1.088374328613281250e+01
-1.790758252143859863e+00
7.288765907287597656e+00
-7.943826198577880859e+00
7.228542327880859375e+00
-2.116904973983764648e+00
-3.330609560012817383e+00
4.636060237884521484e+00
-5.219083309173583984e+00
-3.584288120269775391e+00
6.458318233489990234e+00
-1.635679006576538086e-01
-2.559662342071533203e+00
1.315764904022216797e+00
6.889814376831054688e+00
-5.820808410644531250e+00
-2.297654628753662109e+00
1.194746494293212891e+01
-1.899675607681274414e+00
2.344705343246459961e+00
5.935297966003417969e+00
3.609318971633911133e+00
1.979597926139831543e+00
-2.971176624298095703e+00
2.897096574306488037e-01
6.680217385292053223e-01
8.250304311513900757e-02
-1.534824252128601074e+00
-3.299068808555603027e-01
-3.046228170394897461e+00
2.048146724700927734e+00
6.519946575164794922e+00
-7.100746154785156250e+00
3.653023481369018555e+00
-2.572300195693969727e+00
7.720906734466552734e-01
-6.474179267883300781e+00
4.241817474365234375e+00
-1.179980373382568359e+01
-3.886595964431762695e+00
1.724127173423767090e+00
-5.137878417968750000e+00
6.119216918945312500e+00
3.260044097900390625e+00
-1.019957637786865234e+01
1.607238292694091797e+00
-4.682854115962982178e-01
6.671242713928222656e+00
-7.696477770805358887e-01
-4.842872142791748047e+00
-2.865017890930175781e+00
2.284235715866088867e+00
-2.593466520309448242e+00
-1.161799240112304688e+01
6.633602976799011230e-01
-3.883083343505859375e+00
-8.334586143493652344e+00
-1.324048161506652832e+00
4.805035293102264404e-01
-5.889289855957031250e+00
-3.608476161956787109e+00
3.500050544738769531e+00
8.882023394107818604e-02
8.081932067871093750e+00
1.834951639175415039e+00
5.900483608245849609e+00
-1.654203891754150391e+00
-3.336641788482666016e+00
5.934134960174560547e+00
1.449584215879440308e-01
