3.248980760574340820e+00
-2.691437482833862305e+00
-9.905840158462524414e-01
-2.577586650848388672e+00
-7.432622909545898438e-01
3.109993696212768555e+00
-9.800134897232055664e-01
-8.548791408538818359e-01
1.521988749504089355e+00
-2.142254114151000977e-01
-1.887835741043090820e+00
9.439762830734252930e-01
3.360115766525268555e+00
-3.506237745285034180e+00
1.392782330513000488e-01
6.124467253684997559e-01
1.778999716043472290e-02
8.118450641632080078e-01
-7.198684215545654297e-01
-3.542629480361938477e-01
-1.519140720367431641e+00
-4.245419502258300781e+00
4.540842175483703613e-01
1.811103582382202148e+00
-5.100619196891784668e-01
-8.320894837379455566e-01
4.200780391693115234e+00
9.028511047363281250e-01
6.484373211860656738e-01
-1.007654428482055664e+00
-4.166146218776702881e-01
-3.154789924621582031e+00
4.374957978725433350e-01
3.996888101100921631e-01
1.840093135833740234e-01
-3.320038080215454102e+00
-3.607637882232666016e+00
-4.954651594161987305e-01
-1.778768420219421387e+00
-9.484326839447021484e-01
-4.464721679687500000e-01
1.556524157524108887e+00
3.678484439849853516e+00
1.392565727233886719e+00
2.074754953384399414e+00
-4.722320079803466797e+00
-9.346253871917724609e-01
2.753576040267944336e+00
-1.488755583763122559e+00
-2.634165525436401367e+00
-5.832349658012390137e-01
4.692617893218994141e+00
3.636725664138793945e+00
3.736392855644226074e-01
4.410073757171630859e+00
-5.588954687118530273e-01
-4.231857299804687500e+00
-8.314802050590515137e-01
2.972976207733154297e+00
-2.338745594024658203e+00
-1.768957018852233887e+00
1.883587360382080078e+00
-2.171658754348754883e+00
-2.643168210983276367e+00
3.514177799224853516e+00
-9.664794206619262695e-01
-4.615423679351806641e-01
-3.126559019088745117e+00
3.695664167404174805e+00
2.648436784744262695e+00
-2.874632835388183594e+00
-4.090471744537353516e+00
5.728760361671447754e-01
-3.548647165298461914e+00
-2.094873666763305664e+00
-2.495466947555541992e+00
3.834267377853393555e+00
-2.732927203178405762e-01
-5.914549827575683594e-01
-9.483652114868164062e-01
1.476005315780639648e-01
8.124699592590332031e-01
5.184048652648925781e+00
6.062214076519012451e-02
3.868978023529052734e+00
-1.339179754257202148e+00
-8.340826630592346191e-01
1.469293355941772461e+00
3.137924194335937500e+00
-5.574017763137817383e-02
5.826167583465576172e+00
-1.730894565582275391e+00
-2.949224948883056641e+00
-1.973038911819458008e+00
1.572120070457458496e+00
5.915950536727905273e-01
2.980517625808715820e+00
1.584895372390747070e+00
-1.675189495086669922e+00
4.463242053985595703e+00
3.548402190208435059e-01
2.197900533676147461e+00
5.510349273681640625e-01
5.535049736499786377e-02
1.248972058296203613e+00
1.469254612922668457e+00
-1.093102544546127319e-01
-2.341977119445800781e+00
1.391234993934631348e+00
-7.600777626037597656e+00
1.191971659660339355e+00
-3.083580017089843750e+00
-3.765920639038085938e+00
-5.469913482666015625e-01
-3.183210611343383789e+00
-1.373563528060913086e+00
5.132290840148925781e+00
4.796311378479003906e+00
1.607792258262634277e+00
-3.392827033996582031e+00
-1.968632817268371582e+00
1.791145324707031250e+00
-1.298699259757995605e+00
3.105289459228515625e+00
-2.053082942962646484e+00
-3.471437096595764160e-01
1.683424353599548340e+00
-2.835067272186279297e+00
-1.385015010833740234e+00
7.936790585517883301e-01
-1.122619271278381348e+00
-2.767020225524902344e+00
-1.118099167943000793e-01
2.960156202316284180e+00
-4.344857692718505859e+00
-2.219230175018310547e+00
-1.782101750373840332e+00
-2.170663118362426758e+00
-1.013778209686279297e+00
9.327713251113891602e-01
1.272799134254455566e+00
1.851551413536071777e+00
-3.192988395690917969e+00
1.274681687355041504e+00
3.125010430812835693e-01
-6.725543022155761719e+00
-3.008891105651855469e+00
4.399394989013671875e+00
-7.558311223983764648e-01
3.357484102249145508e+00
2.179274082183837891e+00
2.666708707809448242e+00
-1.535979032516479492e+00
3.165382146835327148e-02
1.777066826820373535e+00
6.616836786270141602e-01
-2.457472801208496094e+00
3.966333627700805664e+00
1.250250220298767090e+00
-4.603894233703613281e+00
-1.338902115821838379e-01
-1.710628420114517212e-01
6.980579376220703125e+00
-8.741207122802734375e-01
-1.608999371528625488e+00
1.952147722244262695e+00
3.787166595458984375e+00
-4.377628266811370850e-01
-2.483479261398315430e+00
-3.049139678478240967e-01
8.266037940979003906e+00
-1.924011945724487305e+00
-2.368317544460296631e-01
-3.224960327148437500e+00
1.139076590538024902e+00
-4.957709610462188721e-01
-4.756014823913574219e+00
-2.075255393981933594e+00
-2.778025150299072266e+00
-4.235899925231933594e+00
3.207357883453369141e+00
8.246923685073852539e-01
-3.130466938018798828e+00
4.355921745300292969e+00
-3.273622691631317139e-01
2.114910840988159180e+00
-2.121584415435791016e+00
8.073089122772216797e-01
-1.659309506416320801e+00
-1.752526044845581055e+00
-4.223981380462646484e+00
-1.631630301475524902e+00
-4.847108840942382812e+00
-5.982151031494140625e-01
-2.670397609472274780e-02
-7.390896081924438477e-01
-3.967524766921997070e+00
1.950424194335937500e+00
-2.872753858566284180e+00
-1.142890453338623047e+00
-8.079703330993652344e+00
-5.932319164276123047e+00
-5.500035285949707031e+00
-1.860670328140258789e+00
3.515186071395874023e+00
-4.073795318603515625e+00
3.456489086151123047e+00
-4.815766215324401855e-01
-3.905097961425781250e+00
-4.541254997253417969e+00
3.604622483253479004e-01
-8.657311201095581055e-01
-3.961808681488037109e+00
2.060027122497558594e+00
2.643690586090087891e+00
-1.076284050941467285e+00
-4.331417977809906006e-01
3.734298706054687500e+00
-5.246654987335205078e+00
4.032001495361328125e+00
-5.108848571777343750e+00
-1.578230857849121094e+00
8.719525933265686035e-01
-5.904760360717773438e+00
4.867625236511230469e+00
3.327769637107849121e-01
1.829599380493164062e+00
3.752326488494873047e+00
1.232458949089050293e+00
-4.715081214904785156e+00
-5.073905944824218750e+00
6.893970966339111328e-01
-4.359235763549804688e+00
4.398606419563293457e-01
2.670402050018310547e+00
-3.545309603214263916e-01
2.396325826644897461e+00
4.039622783660888672e+00
-2.593991279602050781e+00
3.059136152267456055e+00
2.170758992433547974e-01
-1.542000770568847656e+00
2.097977638244628906e+00
-2.484727382659912109e+00
-2.064691543579101562e+00
-5.716654658317565918e-01
-7.658096551895141602e-01
-1.309868097305297852e+00
-5.877308845520019531e+00
3.066425561904907227e+00
3.575982332229614258e+00
2.982772111892700195e+00
-1.925890445709228516e-01
-6.953335404396057129e-01
-4.098925590515136719e-01
-1.152060866355895996e+00
-2.916394948959350586e+00
-4.667965471744537354e-01
-2.843255698680877686e-01
2.212132215499877930e+00
-1.935213655233383179e-01
3.442075490951538086e+00
3.019326627254486084e-01
-5.508024096488952637e-01
-3.444806575775146484e+00
-1.201397657394409180e+00
3.693977594375610352e+00
-2.241861343383789062e+00
-3.262612819671630859e-01
1.043932318687438965e+00
-3.297958850860595703e+00
3.569174051284790039e+00
5.737742185592651367e-01
-1.211596608161926270e+00
-3.121174097061157227e+00
-2.422609567642211914e+00
2.503935337066650391e+00
7.456347346305847168e-01
1.384407132863998413e-01
5.586748600006103516e+00
-7.837428450584411621e-01
8.856445550918579102e-01
-2.835671424865722656e+00
4.048830509185791016e+00
-1.322369813919067383e+00
-5.775660514831542969e+00
-3.512700319290161133e+00
-7.641745090484619141e+00
2.092642068862915039e+00
1.999374270439147949e+00
1.978664755821228027e+00
6.715679168701171875e-01
-1.108780980110168457e+00
-2.675210237503051758e+00
-8.177285194396972656e-01
-7.099720001220703125e+00
2.357276201248168945e+00
-1.664780616760253906e+00
-1.872979402542114258e-01
-1.589641928672790527e+00
