3.020168945312500000e+03
2.051706054687500000e+03
3.542640380859375000e+03
3.275624511718750000e+03
4.205515136718750000e+03
3.383567382812500000e+03
2.866542236328125000e+03
2.622577880859375000e+03
4.195770507812500000e+03
3.129438964843750000e+03
2.225024902343750000e+03
1.628242553710937500e+03
2.424085205078125000e+03
2.132031738281250000e+03
1.924525390625000000e+03
2.240772216796875000e+03
2.409676757812500000e+03
3.514826171875000000e+03
2.642838134765625000e+03
2.374170166015625000e+03
4.432502929687500000e+03
2.863402099609375000e+03
2.612326904296875000e+03
3.816919921875000000e+03
3.312320312500000000e+03
2.506538574218750000e+03
1.747071411132812500e+03
2.984796386718750000e+03
2.700930419921875000e+03
2.132772460937500000e+03
3.194836914062500000e+03
2.378076660156250000e+03
4.608303710937500000e+03
2.533205566406250000e+03
3.119543212890625000e+03
2.623013183593750000e+03
3.176346679687500000e+03
2.384377685546875000e+03
2.444284179687500000e+03
3.390416015625000000e+03
2.161324462890625000e+03
3.454355468750000000e+03
3.364359619140625000e+03
3.246419677734375000e+03
2.537866943359375000e+03
3.052039306640625000e+03
3.470122070312500000e+03
3.067005859375000000e+03
2.641452636718750000e+03
2.020889648437500000e+03
2.180937988281250000e+03
2.803640869140625000e+03
2.585718261718750000e+03
3.163160644531250000e+03
2.625271972656250000e+03
2.827649658203125000e+03
1.706680419921875000e+03
3.984529541015625000e+03
2.464698730468750000e+03
2.552721435546875000e+03
3.074531982421875000e+03
2.958651123046875000e+03
2.615452880859375000e+03
3.132657226562500000e+03
4.031659667968750000e+03
2.534878417968750000e+03
2.951951416015625000e+03
2.808641845703125000e+03
2.190948730468750000e+03
3.272205810546875000e+03
2.738022216796875000e+03
2.597470214843750000e+03
2.040723388671875000e+03
4.630438476562500000e+03
3.593541503906250000e+03
2.306468017578125000e+03
2.579327636718750000e+03
2.797758544921875000e+03
2.989626464843750000e+03
2.733242431640625000e+03
2.498675781250000000e+03
2.519055419921875000e+03
2.888333984375000000e+03
2.500298583984375000e+03
3.332298339843750000e+03
3.379898437500000000e+03
3.286955566406250000e+03
2.095326416015625000e+03
1.928239990234375000e+03
3.280185058593750000e+03
3.356462402343750000e+03
2.513319091796875000e+03
2.905531494140625000e+03
3.656310302734375000e+03
2.708461181640625000e+03
2.744141357421875000e+03
2.041895141601562500e+03
2.383206298828125000e+03
4.226811035156250000e+03
3.473975585937500000e+03
2.128254638671875000e+03
2.100074951171875000e+03
2.407304199218750000e+03
3.086152343750000000e+03
2.048169677734375000e+03
2.635889892578125000e+03
2.422169433593750000e+03
2.433340576171875000e+03
3.601969970703125000e+03
3.166077392578125000e+03
4.232348632812500000e+03
3.354696289062500000e+03
2.967095703125000000e+03
2.192063964843750000e+03
3.319178222656250000e+03
3.043086425781250000e+03
2.675451660156250000e+03
1.657411987304687500e+03
4.119667480468750000e+03
3.436406738281250000e+03
2.224433837890625000e+03
2.963088134765625000e+03
3.237951904296875000e+03
3.679425781250000000e+03
2.646836669921875000e+03
2.681874023437500000e+03
3.227550048828125000e+03
2.812124755859375000e+03
3.232527832031250000e+03
3.139451416015625000e+03
3.395190673828125000e+03
4.103957031250000000e+03
1.674505981445312500e+03
2.327403320312500000e+03
3.090577880859375000e+03
2.707378662109375000e+03
1.837252929687500000e+03
2.931591064453125000e+03
2.314321777343750000e+03
3.214326171875000000e+03
2.662809326171875000e+03
1.850981323242187500e+03
2.758495117187500000e+03
2.889786621093750000e+03
3.487610839843750000e+03
2.603877685546875000e+03
2.349469970703125000e+03
2.380321533203125000e+03
2.343168945312500000e+03
2.737235839843750000e+03
2.123897460937500000e+03
3.923228759765625000e+03
4.105567871093750000e+03
3.688350341796875000e+03
3.218505615234375000e+03
2.966787353515625000e+03
3.044010253906250000e+03
2.975305419921875000e+03
2.099213378906250000e+03
2.257221435546875000e+03
2.358837158203125000e+03
3.815651123046875000e+03
3.027056396484375000e+03
3.013159179687500000e+03
2.898056884765625000e+03
3.112154296875000000e+03
3.566243652343750000e+03
3.833635986328125000e+03
2.706799072265625000e+03
3.000279785156250000e+03
3.702220703125000000e+03
3.574626220703125000e+03
2.482610107421875000e+03
2.012684326171875000e+03
2.298982177734375000e+03
2.103508789062500000e+03
3.315318847656250000e+03
2.595554687500000000e+03
3.140825439453125000e+03
3.290974121093750000e+03
2.699160156250000000e+03
2.677822753906250000e+03
3.328178710937500000e+03
2.217096923828125000e+03
3.526719238281250000e+03
2.342647216796875000e+03
1.767774047851562500e+03
3.336863037109375000e+03
3.566498291015625000e+03
3.934154541015625000e+03
2.682740722656250000e+03
2.182828613281250000e+03
2.484194091796875000e+03
2.401796142578125000e+03
2.695750000000000000e+03
3.619518554687500000e+03
1.271452026367187500e+03
2.156890380859375000e+03
3.158611816406250000e+03
3.264924804687500000e+03
3.712094726562500000e+03
1.537238281250000000e+03
3.700400390625000000e+03
3.358598876953125000e+03
2.573131347656250000e+03
3.652692138671875000e+03
2.906628906250000000e+03
2.348452392578125000e+03
3.160709716796875000e+03
1.726791992187500000e+03
1.929373901367187500e+03
2.994761474609375000e+03
3.064845947265625000e+03
2.055336669921875000e+03
2.202788574218750000e+03
1.985868530273437500e+03
2.074678710937500000e+03
2.565922119140625000e+03
4.300792968750000000e+03
2.580732177734375000e+03
2.837779785156250000e+03
3.071367919921875000e+03
1.675113769531250000e+03
3.056537353515625000e+03
2.665769775390625000e+03
3.943236572265625000e+03
2.029169189453125000e+03
3.795559082031250000e+03
2.212182128906250000e+03
2.927312744140625000e+03
3.160858398437500000e+03
2.225707763671875000e+03
2.569827392578125000e+03
3.086595947265625000e+03
2.706330078125000000e+03
2.376773437500000000e+03
1.958632080078125000e+03
2.531286621093750000e+03
1.822035644531250000e+03
1.118791625976562500e+03
2.521452880859375000e+03
4.192540039062500000e+03
1.586255615234375000e+03
3.274033203125000000e+03
2.277115966796875000e+03
2.812708251953125000e+03
2.482384033203125000e+03
3.079998779296875000e+03
3.758449218750000000e+03
1.800121215820312500e+03
3.603607666015625000e+03
2.684044189453125000e+03
2.314486816406250000e+03
3.207087646484375000e+03
3.253391845703125000e+03
2.557055908203125000e+03
1.649052612304687500e+03
2.969210449218750000e+03
4.392513671875000000e+03
2.605511718750000000e+03
1.364805297851562500e+03
3.375205810546875000e+03
3.503097900390625000e+03
3.055005615234375000e+03
2.360111572265625000e+03
2.660087890625000000e+03
3.006291992187500000e+03
3.837482421875000000e+03
3.192063964843750000e+03
4.101317382812500000e+03
1.924139648437500000e+03
3.055548828125000000e+03
2.109217041015625000e+03
3.012646972656250000e+03
2.591911376953125000e+03
3.544079345703125000e+03
2.184915039062500000e+03
2.184433837890625000e+03
3.226380126953125000e+03
3.124848632812500000e+03
2.124928710937500000e+03
2.853790039062500000e+03
2.148710937500000000e+03
2.825006835937500000e+03
1.896838256835937500e+03
1.777090698242187500e+03
3.036584228515625000e+03
2.931800048828125000e+03
1.866262451171875000e+03
3.239073730468750000e+03
1.292837890625000000e+03
3.274371582031250000e+03
2.554527343750000000e+03
2.271776123046875000e+03
3.255072998046875000e+03
3.855880859375000000e+03
2.441344482421875000e+03
4.364195800781250000e+03
2.562821777343750000e+03
3.275420166015625000e+03
