5.445098280906677246e-01
6.739395260810852051e-01
7.800785899162292480e-01
7.817011475563049316e-01
6.964045763015747070e-01
8.291337490081787109e-01
6.424838900566101074e-01
5.913422703742980957e-01
6.527256965637207031e-01
5.605501532554626465e-01
6.964141726493835449e-01
8.938507437705993652e-01
6.958790421485900879e-01
8.843694329261779785e-01
8.582053184509277344e-01
6.988731026649475098e-01
7.763085961341857910e-01
5.833565592765808105e-01
7.618342041969299316e-01
7.696530222892761230e-01
6.050513982772827148e-01
7.594755291938781738e-01
7.217684984207153320e-01
7.368360161781311035e-01
8.452878594398498535e-01
8.881040811538696289e-01
5.748084783554077148e-01
7.490194439888000488e-01
4.941393733024597168e-01
7.346956133842468262e-01
7.578266859054565430e-01
4.262336492538452148e-01
5.783816576004028320e-01
7.159289121627807617e-01
6.451796889305114746e-01
5.685620903968811035e-01
8.022624850273132324e-01
7.481988668441772461e-01
6.553233265876770020e-01
6.903883218765258789e-01
6.134620308876037598e-01
5.860533118247985840e-01
8.212520480155944824e-01
7.016963362693786621e-01
8.950037956237792969e-01
7.489521503448486328e-01
6.657623052597045898e-01
6.506890058517456055e-01
7.317114472389221191e-01
5.993179082870483398e-01
6.146913170814514160e-01
8.016436696052551270e-01
7.597822546958923340e-01
6.302850246429443359e-01
7.675355672836303711e-01
6.154161691665649414e-01
8.891854882240295410e-01
7.192494869232177734e-01
7.267071604728698730e-01
8.064150810241699219e-01
7.117940783500671387e-01
4.106880426406860352e-01
7.112454175949096680e-01
7.321116924285888672e-01
5.344111323356628418e-01
7.688140273094177246e-01
1.078641057014465332e+00
8.299180269241333008e-01
6.204878687858581543e-01
6.508329510688781738e-01
7.555717229843139648e-01
7.663324475288391113e-01
7.484443783760070801e-01
5.067766904830932617e-01
6.405749917030334473e-01
6.281778812408447266e-01
7.325292229652404785e-01
6.004152894020080566e-01
7.514250874519348145e-01
7.259313464164733887e-01
7.153005599975585938e-01
6.407175660133361816e-01
5.650796294212341309e-01
4.716732501983642578e-01
5.955656766891479492e-01
5.897409319877624512e-01
7.251585721969604492e-01
6.052733659744262695e-01
5.610691905021667480e-01
8.596041202545166016e-01
7.886710762977600098e-01
7.660111188888549805e-01
4.861393272876739502e-01
7.344560027122497559e-01
9.942880868911743164e-01
6.242587566375732422e-01
7.885200381278991699e-01
7.565242648124694824e-01
4.626517891883850098e-01
6.579787135124206543e-01
6.477411389350891113e-01
9.565364718437194824e-01
8.276587128639221191e-01
6.736951470375061035e-01
6.999700069427490234e-01
8.736546635627746582e-01
7.649164795875549316e-01
4.715241491794586182e-01
4.548949599266052246e-01
6.853896975517272949e-01
6.099640727043151855e-01
8.195655941963195801e-01
6.917631030082702637e-01
8.264393806457519531e-01
5.365530848503112793e-01
5.453884005546569824e-01
6.136529445648193359e-01
7.735082507133483887e-01
5.747925639152526855e-01
9.844449162483215332e-01
6.288395524024963379e-01
6.695539951324462891e-01
5.519974827766418457e-01
6.962604522705078125e-01
6.114152669906616211e-01
6.922046542167663574e-01
7.139074206352233887e-01
8.655533790588378906e-01
7.226683497428894043e-01
8.145140409469604492e-01
5.129755139350891113e-01
7.417462468147277832e-01
5.672858953475952148e-01
6.704174280166625977e-01
7.045345902442932129e-01
7.035633325576782227e-01
7.986476421356201172e-01
6.737589836120605469e-01
8.152657151222229004e-01
7.774767279624938965e-01
6.989150643348693848e-01
5.674689412117004395e-01
7.427299618721008301e-01
8.026840686798095703e-01
5.601101517677307129e-01
9.593502879142761230e-01
7.530431747436523438e-01
7.740125060081481934e-01
8.178694248199462891e-01
9.015180468559265137e-01
9.390787482261657715e-01
5.451671481132507324e-01
6.601519584655761719e-01
6.874625086784362793e-01
8.606138825416564941e-01
6.624699234962463379e-01
6.277660131454467773e-01
5.185369253158569336e-01
8.557996749877929688e-01
6.922509670257568359e-01
7.692285776138305664e-01
6.123662590980529785e-01
7.655817866325378418e-01
8.599478006362915039e-01
9.564793705940246582e-01
5.302436351776123047e-01
8.250456452369689941e-01
6.092932820320129395e-01
7.412360906600952148e-01
5.534890294075012207e-01
9.152586460113525391e-01
6.025505661964416504e-01
6.863368749618530273e-01
7.974562048912048340e-01
6.655141115188598633e-01
5.061932802200317383e-01
9.058115482330322266e-01
8.348060250282287598e-01
5.708130598068237305e-01
6.077578067779541016e-01
7.550662755966186523e-01
8.069201707839965820e-01
5.757202506065368652e-01
8.270196318626403809e-01
6.523868441581726074e-01
6.925348043441772461e-01
6.353477835655212402e-01
8.785541653633117676e-01
7.325595021247863770e-01
6.458173990249633789e-01
9.311599731445312500e-01
4.989859461784362793e-01
6.716731786727905273e-01
6.300377249717712402e-01
6.311296224594116211e-01
5.995771884918212891e-01
6.840518116950988770e-01
6.763522028923034668e-01
8.585019707679748535e-01
7.585806846618652344e-01
9.183331727981567383e-01
7.859025001525878906e-01
7.287517189979553223e-01
5.439240932464599609e-01
7.195290327072143555e-01
6.993712186813354492e-01
8.974705338478088379e-01
7.514140605926513672e-01
7.084400653839111328e-01
7.412411570549011230e-01
5.794219970703125000e-01
7.924699783325195312e-01
8.765577673912048340e-01
7.381753921508789062e-01
4.258092939853668213e-01
8.362479805946350098e-01
8.429604768753051758e-01
8.401947021484375000e-01
6.278977990150451660e-01
8.062277436256408691e-01
5.342230796813964844e-01
7.921966910362243652e-01
8.000535368919372559e-01
8.924704790115356445e-01
6.786612868309020996e-01
6.930295228958129883e-01
7.406346797943115234e-01
6.846755146980285645e-01
5.449969172477722168e-01
7.345768213272094727e-01
6.309899687767028809e-01
7.996327280998229980e-01
7.628709077835083008e-01
7.939873337745666504e-01
5.822721123695373535e-01
7.668544650077819824e-01
7.891389727592468262e-01
7.805582880973815918e-01
9.379178285598754883e-01
8.439692854881286621e-01
6.415724158287048340e-01
6.832622885704040527e-01
5.631028413772583008e-01
7.322707176208496094e-01
7.779466509819030762e-01
5.880051851272583008e-01
9.586052298545837402e-01
5.779217481613159180e-01
6.041514277458190918e-01
9.851543903350830078e-01
7.780003547668457031e-01
6.728951334953308105e-01
5.227888822555541992e-01
8.379465341567993164e-01
8.011651039123535156e-01
6.920491456985473633e-01
9.263542294502258301e-01
7.690235972404479980e-01
6.913131475448608398e-01
4.550682008266448975e-01
6.841288208961486816e-01
8.129554390907287598e-01
6.482284665107727051e-01
6.494173407554626465e-01
8.782467246055603027e-01
5.746058225631713867e-01
6.209173798561096191e-01
9.315888285636901855e-01
5.405437350273132324e-01
5.099117159843444824e-01
8.318397402763366699e-01
6.440830230712890625e-01
7.728034853935241699e-01
8.139349222183227539e-01
7.410210967063903809e-01
9.530112743377685547e-01
7.396849989891052246e-01
6.894130706787109375e-01
3.457317650318145752e-01
6.901081800460815430e-01
8.624658584594726562e-01
4.912284910678863525e-01
8.045931458473205566e-01
9.568670392036437988e-01
7.622922062873840332e-01
7.262129783630371094e-01
8.542345762252807617e-01
7.521556019783020020e-01
7.347583770751953125e-01
5.598243474960327148e-01
7.745978832244873047e-01
7.074000239372253418e-01
5.858874917030334473e-01
6.549659967422485352e-01
7.802988290786743164e-01
8.351776599884033203e-01
5.624603033065795898e-01
1.018952608108520508e+00
5.713505744934082031e-01
6.557145714759826660e-01
