6.851383298635482788e-02
-2.816095016896724701e-02
1.196972467005252838e-02
8.681954443454742432e-02
1.274744570255279541e-01
-1.264509707689285278e-01
-9.154739230871200562e-02
-7.548165321350097656e-02
7.254219800233840942e-02
5.634905025362968445e-02
-7.897880859673023224e-03
-6.446161121129989624e-02
-2.996625378727912903e-02
3.223583474755287170e-02
-1.498461216688156128e-01
-1.647803117521107197e-03
-1.098470985889434814e-01
2.112616552039980888e-03
2.143282629549503326e-02
4.862159490585327148e-02
3.371301107108592987e-03
-6.755973398685455322e-02
7.480040192604064941e-03
1.403155387379229069e-03
-1.185809448361396790e-02
1.640804484486579895e-02
-1.898030005395412445e-02
2.146962098777294159e-03
2.564315497875213623e-02
-8.910658769309520721e-03
3.310347348451614380e-02
2.343292161822319031e-02
1.173497140407562256e-01
-3.532459959387779236e-02
5.729264765977859497e-02
-6.841335445642471313e-03
1.941828615963459015e-02
5.223410949110984802e-02
1.385045517235994339e-02
4.950299859046936035e-02
1.090496107935905457e-01
9.426278620958328247e-02
6.887552142143249512e-02
7.919767498970031738e-02
-1.183817256242036819e-02
-2.804954722523689270e-02
2.101106010377407074e-02
-8.255939930677413940e-02
8.806377649307250977e-02
-1.041069477796554565e-01
-4.973131418228149414e-02
-8.412405848503112793e-03
9.433653205633163452e-02
3.755638375878334045e-02
-5.106949061155319214e-02
8.092196285724639893e-02
-1.441090367734432220e-02
-5.549248680472373962e-02
1.511382311582565308e-02
7.488935440778732300e-02
1.108556389808654785e-01
1.066830828785896301e-01
-9.438668936491012573e-02
-3.012226708233356476e-02
-2.080933935940265656e-02
-7.905966043472290039e-02
9.692570567131042480e-02
6.891460716724395752e-02
-1.208088826388120651e-02
-5.374862253665924072e-02
-1.639437163248658180e-03
-2.988018095493316650e-02
-2.615388296544551849e-02
-9.815675765275955200e-02
2.373227663338184357e-02
-1.948666758835315704e-02
-9.168146550655364990e-02
1.071707997471094131e-02
1.006002426147460938e-01
-1.292440854012966156e-02
7.779197394847869873e-02
4.647972434759140015e-02
1.643103547394275665e-03
-1.422033831477165222e-02
-1.134261935949325562e-01
-2.312592603266239166e-02
2.439532615244388580e-02
-2.816482074558734894e-02
7.263147085905075073e-02
-1.386918500065803528e-02
6.865461915731430054e-02
2.724606543779373169e-02
1.628384552896022797e-02
6.789476424455642700e-02
-5.180962383747100830e-03
-4.598330706357955933e-02
9.212740510702133179e-02
-5.805209279060363770e-03
-1.038892865180969238e-01
-1.232472434639930725e-01
4.949456453323364258e-02
-1.952229253947734833e-02
5.195363337406888604e-05
-6.481173634529113770e-02
-1.427094936370849609e-01
-5.897522345185279846e-02
2.868089638650417328e-02
6.693436950445175171e-02
-1.226938981562852859e-02
5.611560121178627014e-02
2.148676849901676178e-02
-5.183874815702438354e-02
-1.251671370118856430e-02
-1.591577082872390747e-01
1.230873726308345795e-02
-1.048688888549804688e-01
-3.081289865076541901e-02
5.273446440696716309e-03
1.083758249878883362e-01
-6.743508856743574142e-03
-7.176796346902847290e-02
-1.255977600812911987e-01
-6.844113767147064209e-02
5.213122442364692688e-02
-3.660974279046058655e-02
1.049827486276626587e-01
-4.973084852099418640e-02
-9.192051365971565247e-03
-6.199909001588821411e-02
1.212599873542785645e-01
-5.800217017531394958e-02
4.894698411226272583e-02
-5.051455274224281311e-02
5.419471114873886108e-02
6.293124705553054810e-02
3.063624026253819466e-03
-1.850902438163757324e-01
1.648978702723979950e-02
4.946757853031158447e-02
-1.303848996758460999e-02
3.410028666257858276e-02
6.376181542873382568e-02
1.024989224970340729e-02
6.482669711112976074e-02
8.415050804615020752e-03
-1.126995980739593506e-01
-1.612425968050956726e-02
7.771086692810058594e-02
1.186576709151268005e-01
-1.171599626541137695e-01
-1.584957391023635864e-01
5.828543752431869507e-02
3.759333491325378418e-02
-6.592700630426406860e-02
1.162114832550287247e-02
-7.390082813799381256e-03
6.255113519728183746e-03
3.932369500398635864e-02
-5.239794030785560608e-02
-3.720082715153694153e-02
5.491036921739578247e-02
-1.310699339956045151e-02
1.746511906385421753e-01
-3.151163458824157715e-02
-8.160673081874847412e-02
1.129107177257537842e-02
-4.247851669788360596e-02
6.758556514978408813e-02
-2.150970138609409332e-02
1.663191244006156921e-02
2.604658529162406921e-02
-1.191314235329627991e-01
-3.923466056585311890e-02
6.594914011657238007e-03
1.347512751817703247e-02
7.452084124088287354e-02
-1.911938190460205078e-02
6.661570072174072266e-02
-6.222844868898391724e-02
1.787621714174747467e-02
-8.403579122386872768e-04
-2.629550173878669739e-02
2.301642112433910370e-02
1.529498398303985596e-02
7.374247536063194275e-03
2.200316637754440308e-02
3.862491250038146973e-02
-2.885113935917615891e-03
7.558929920196533203e-02
-1.846923492848873138e-02
-1.115316674113273621e-01
1.409850921481847763e-02
8.507336676120758057e-02
8.740298449993133545e-02
1.473614424467086792e-01
9.979130327701568604e-02
-8.189744502305984497e-02
1.929943822324275970e-02
2.935688570141792297e-02
1.017487272620201111e-01
2.897603623569011688e-02
4.817729815840721130e-02
3.646828606724739075e-02
1.067488193511962891e-01
-1.105219125747680664e-01
-7.772217690944671631e-02
1.522415550425648689e-03
-2.546438388526439667e-02
1.027051080018281937e-02
3.337708488106727600e-02
-5.918028205633163452e-02
-3.130500018596649170e-02
3.275341168045997620e-02
9.489870071411132812e-02
3.623962868005037308e-03
1.027273312211036682e-01
-6.092769652605056763e-02
1.561946868896484375e-01
-2.189683960750699043e-03
1.112869754433631897e-01
1.716859266161918640e-02
-6.560668349266052246e-03
8.616227656602859497e-02
4.301497712731361389e-02
-1.679421961307525635e-02
6.383778899908065796e-02
5.976102314889431000e-03
-7.335730642080307007e-02
4.928372800350189209e-03
-5.258629471063613892e-02
-6.340993195772171021e-02
2.044327370822429657e-02
1.118481438606977463e-02
-1.161204949021339417e-01
-3.739116713404655457e-02
-1.522419694811105728e-02
-5.239155516028404236e-02
2.917211316525936127e-02
9.825799614191055298e-02
1.579153090715408325e-01
2.585063502192497253e-02
1.192295551300048828e-01
-1.880133524537086487e-02
-4.721930250525474548e-02
-9.985009208321571350e-03
-1.285434793680906296e-02
-5.259976536035537720e-02
-9.137890301644802094e-03
5.415613576769828796e-02
-2.544989436864852905e-02
5.711541324853897095e-02
5.597988143563270569e-02
5.368790123611688614e-03
3.848727792501449585e-02
-9.088239073753356934e-02
-2.748758532106876373e-03
1.867040693759918213e-01
2.712674252688884735e-02
1.264326274394989014e-01
-7.016468793153762817e-02
7.929173856973648071e-02
6.710703670978546143e-02
-3.696122020483016968e-02
5.010949820280075073e-02
5.706782639026641846e-02
6.108387187123298645e-02
7.833912223577499390e-02
9.326757490634918213e-02
-1.093242242932319641e-01
2.465783990919589996e-02
7.744950056076049805e-02
-2.687220834195613861e-02
-2.559998631477355957e-02
7.651369273662567139e-02
-1.740636490285396576e-02
-6.031972542405128479e-02
-1.342629734426736832e-02
1.136102601885795593e-01
-1.151127461344003677e-02
-2.990971319377422333e-02
1.144076734781265259e-01
7.152418792247772217e-02
1.733327843248844147e-02
9.276209026575088501e-02
-2.633263170719146729e-02
-3.069153986871242523e-02
-4.213088378310203552e-02
3.056233515962958336e-03
-1.215104386210441589e-01
3.766261273995041847e-03
4.462657868862152100e-02
1.057785283774137497e-02
-2.766519226133823395e-02
-5.906600132584571838e-02
-5.900394171476364136e-02
3.345140814781188965e-02
7.943417876958847046e-02
-2.473548240959644318e-02
-6.452057510614395142e-02
4.735973197966814041e-03
